{
	"training_mean": -0.13768292682926828,
	"training_std": 0.09509529019739907,
	"training_se": 0.009509529019739907,
	"test_mean": -0.2286111111111111,
	"test_std": 0.22797603160783006,
	"test_se": 0.022797603160783005,
	"metric_names": [
		"width",
		"depth",
		"multi_qubit_gate_depth",
		"total_number_of_operations",
		"number_of_single_qubit_gates",
		"number_of_multi_qubit_gates",
		"number_of_measurement_operations",
		"single_qubit_gate_error",
		"multi_qubit_gate_error",
		"single_qubit_gate_time",
		"multi_qubit_gate_time",
		"readout_error",
		"t1",
		"t2"
	],
	"normalized_weights": [
		[
			0.021154063150790953,
			0.019952214420012326,
			0.021024916522348325,
			0.016923600466138965,
			0.0636065896689362,
			0.02068621495783811,
			0.03583373898343676,
			0.0257917171023698,
			0.12358287760685685,
			0.14967851105875876,
			0.13214017803486902,
			0.05698068975599422,
			0.14568897237938225,
			0.16695571589226738
		],
		[
			0.021376676907382316,
			0.04694365847982086,
			0.02409052755381901,
			0.03874926816951461,
			0.22025116507658027,
			0.07366436623089259,
			0.02806510317339864,
			0.08592003497337915,
			0.03752974484460676,
			0.026174551305747727,
			0.17892556796381334,
			0.06323099648861877,
			0.05403279112703146,
			0.10104554770539438
		],
		[
			0.05293799513798524,
			0.026178370935166024,
			0.016878881545678504,
			0.11503685938771686,
			0.1209915465031915,
			0.015691416227583323,
			0.08772697623588965,
			0.013640503863429744,
			0.02456424896517835,
			0.12027042931233697,
			0.13051189326764404,
			0.12486069418401498,
			0.01824570857248698,
			0.13246447586169785
		],
		[
			0.14804736842837263,
			0.016014336675033634,
			0.045297615924847275,
			0.06270771559159596,
			0.09254322480390836,
			0.01340091703330212,
			0.01383577794084122,
			0.13341766977674777,
			0.023157297231951274,
			0.05895223205581108,
			0.12808740068927868,
			0.09991780475998957,
			0.017685928376139415,
			0.14693471071218114
		],
		[
			0.14480569568052118,
			0.12044078437777112,
			0.02594186991465401,
			0.0311888827258914,
			0.06793761416846839,
			0.013824904306117219,
			0.14731795599210007,
			0.10332005588123083,
			0.06518779038674101,
			0.031880863466908396,
			0.02209196254687446,
			0.02090965608723097,
			0.06412237748496341,
			0.14102958698052737
		],
		[
			0.027707722511815778,
			0.054018464467969464,
			0.05221454799898791,
			0.06488722979125035,
			0.14418931052713174,
			0.031974455345118745,
			0.11518662135712589,
			0.06315319224653437,
			0.027000898610870773,
			0.14159628861487383,
			0.01628405336594401,
			0.14268345326634094,
			0.10053503529543406,
			0.018568726600602152
		],
		[
			0.020002170026190084,
			0.07543387461927469,
			0.015909190688331912,
			0.06984749944441195,
			0.13257887125927142,
			0.01796244006602285,
			0.0594798595099254,
			0.1530300100580881,
			0.042895960376449896,
			0.08622295754038889,
			0.07739567666108312,
			0.09375544749723479,
			0.013468909494884967,
			0.1420171327584419
		],
		[
			0.14300771846224344,
			0.01823861536958233,
			0.020657023900832027,
			0.13863044216563494,
			0.13070729299111902,
			0.04088807296915288,
			0.025908702308699485,
			0.022440206984718457,
			0.01946065580928551,
			0.11045701307712524,
			0.018340190052176318,
			0.07139784515142872,
			0.09612181660794673,
			0.14374440415005507
		],
		[
			0.10076726246467627,
			0.06802248435044742,
			0.09940493663689468,
			0.0104862579299113,
			0.054244805826357365,
			0.10276505873535816,
			0.03726215495203555,
			0.07352910977641862,
			0.10798459528663533,
			0.08847281715322484,
			0.10810398229673339,
			0.03310104702875332,
			0.018726697047348955,
			0.09712879051520472
		],
		[
			0.0346230451611809,
			0.030237334670395275,
			0.021379660396848816,
			0.10946369702495849,
			0.13026371559982874,
			0.05588550337422144,
			0.012201695023718147,
			0.1243056108117211,
			0.07719818157288587,
			0.042320575976910836,
			0.12239919200351472,
			0.10561099442390906,
			0.11879884514344981,
			0.015311948816456937
		],
		[
			0.09185106366777997,
			0.03976821137698356,
			0.10361376728573041,
			0.05492719804915336,
			0.023191492975654343,
			0.08341421456516543,
			0.10719809343966119,
			0.020592530115204535,
			0.089040922692669,
			0.09945594766136537,
			0.009355086393721564,
			0.06589523346862002,
			0.10533767875648313,
			0.10635855955180802
		],
		[
			0.017012773018247645,
			0.03493588360685609,
			0.1070276339911808,
			0.13188238134464675,
			0.02355631616408203,
			0.011556720374319774,
			0.06116136970806851,
			0.12975864051625308,
			0.09375829225392619,
			0.028595294889317575,
			0.04837145222296516,
			0.10734124561723465,
			0.11193041767804397,
			0.09311157861485778
		],
		[
			0.07259348939518187,
			0.11152062138291134,
			0.06890264845545958,
			0.01088030358858482,
			0.08452672164431468,
			0.04339420772237168,
			0.020014910458171303,
			0.10941452337505927,
			0.07459626884562955,
			0.07090567325853847,
			0.042838872080280206,
			0.11214707265403415,
			0.06776729718684522,
			0.11049738995261771
		],
		[
			0.05716729619040655,
			0.018470988304229264,
			0.056152351767483386,
			0.10393796602960843,
			0.10115312239867005,
			0.015581863910401892,
			0.055813376440175554,
			0.04150742226074829,
			0.08472601773961842,
			0.10929328355539278,
			0.08967457945253225,
			0.06062129057266924,
			0.1021651143659022,
			0.10373532701216168
		],
		[
			0.04630019018780112,
			0.06763262622999529,
			0.02973550443514307,
			0.1342916321974838,
			0.15509780171727447,
			0.046787262340765724,
			0.154490627631936,
			0.06054542579894149,
			0.032044551845943646,
			0.024916357852801534,
			0.027315349552121476,
			0.02340717933347692,
			0.05204936173375119,
			0.14538612914256438
		],
		[
			0.06538819835313339,
			0.06077265733244443,
			0.09850130999135254,
			0.013418949282232707,
			0.03259737500319678,
			0.12182519772247694,
			0.07334557795182012,
			0.09663490409103861,
			0.04936354550286881,
			0.09032863539334912,
			0.07049414533291126,
			0.05942648586819871,
			0.1339827714327681,
			0.03392024674220846
		],
		[
			0.013342309980312368,
			0.02836529133825443,
			0.07305430866662081,
			0.021229306405690707,
			0.14044993789141474,
			0.021545776126636374,
			0.0867112151695791,
			0.05363870711148657,
			0.12409864573250416,
			0.13173607480261026,
			0.1240295411422493,
			0.013211115073603669,
			0.13570751475335047,
			0.0328802558056872
		],
		[
			0.021948781194930933,
			0.07544845508677003,
			0.1432332360416656,
			0.05087287495415136,
			0.015564823493422858,
			0.016003242964933637,
			0.0451808776574716,
			0.13981572503595202,
			0.027476950098065087,
			0.024556464679807457,
			0.1341752709279216,
			0.06414750641437701,
			0.1388207918539213,
			0.10275499959660953
		],
		[
			0.07359202328361311,
			0.021566435880570185,
			0.05588963428609827,
			0.1062088105208296,
			0.08200991056137003,
			0.10475825701746035,
			0.11161579706406594,
			0.06833426203156223,
			0.060527360116671425,
			0.08969767760250252,
			0.05142464381473463,
			0.06909238711752888,
			0.04771631477158817,
			0.0575664859314046
		],
		[
			0.10226757363715835,
			0.01781205459251257,
			0.023586067649369945,
			0.10164493447667196,
			0.09938435497103157,
			0.022466866308215646,
			0.02999053954921342,
			0.10899441227385248,
			0.11074694969122677,
			0.028349634554578212,
			0.07927353259664371,
			0.08539690967053806,
			0.08987892618674902,
			0.10020724384223832
		],
		[
			0.020423560899250712,
			0.11153562072036162,
			0.045940978965366884,
			0.020907859612871817,
			0.08563990706060355,
			0.06644584818202877,
			0.01410415859143948,
			0.07738904516389679,
			0.1089937621687563,
			0.09101428833327807,
			0.13651923025399537,
			0.03403629557458676,
			0.0558161452446183,
			0.1312332992289456
		],
		[
			0.1199815769267907,
			0.015204458872625812,
			0.029632368452864637,
			0.12160793598836324,
			0.12220055869163736,
			0.01879183059163376,
			0.06917175085465449,
			0.1256288400254468,
			0.12031090422447446,
			0.12236841011733551,
			0.051393561648243775,
			0.04743562512164046,
			0.022521110562177545,
			0.013751067922111308
		],
		[
			0.08702221784961787,
			0.016345743634846612,
			0.022061377795956696,
			0.1551910171041107,
			0.1773980085784176,
			0.029350157352624022,
			0.04783215093694221,
			0.05322574773713295,
			0.12770707489825284,
			0.09366069559534897,
			0.017595273450253163,
			0.02206604276245658,
			0.09333710262278624,
			0.057207389681253364
		],
		[
			0.07674157210490896,
			0.03780135728158051,
			0.1130420606382706,
			0.010592787665343835,
			0.010267473372094958,
			0.10517497476702267,
			0.1082662620282556,
			0.11325024319284113,
			0.06845471856605984,
			0.015760804424242107,
			0.1151468247052945,
			0.11221574203065945,
			0.040338385563148324,
			0.07294679366027748
		],
		[
			0.02421867591295673,
			0.015140215083701829,
			0.02682003484294495,
			0.026527432244180523,
			0.17058667777255426,
			0.024774572389791246,
			0.12778825776819097,
			0.07328312321904361,
			0.03245158567769682,
			0.1388888940308701,
			0.0374616158394892,
			0.1401557859694418,
			0.03334562880872992,
			0.1285575004404078
		],
		[
			0.13509291320617106,
			0.13175357270891713,
			0.12786884480367972,
			0.012455246856470939,
			0.04297768170477468,
			0.0858206002381642,
			0.03019352143013686,
			0.020007767735253725,
			0.10212445629349326,
			0.09159867468195376,
			0.02270651369565863,
			0.06993953709459631,
			0.03768829940048454,
			0.08977237015024506
		],
		[
			0.1500417405552891,
			0.09854547104361884,
			0.018091601641223264,
			0.07206237461140151,
			0.16351294874633612,
			0.03846110538257691,
			0.021995902127949014,
			0.01669362040126358,
			0.12296596569027259,
			0.06949343704420884,
			0.055138899265362064,
			0.03842752403257637,
			0.06507192515521915,
			0.06949748430270257
		],
		[
			0.038841016064935605,
			0.11713272154688688,
			0.012899443728647174,
			0.11716293727137526,
			0.051485545664425356,
			0.01674171972999483,
			0.08169015049748368,
			0.10832502455165276,
			0.06730782812633289,
			0.08057560374307432,
			0.009960550825024856,
			0.11780732437495202,
			0.11882448284383659,
			0.06124565103137768
		],
		[
			0.0903758167800351,
			0.023183558042321747,
			0.031592337890011035,
			0.1024941865453424,
			0.09415064918490258,
			0.017876019714130227,
			0.012982879453262467,
			0.07117221616605848,
			0.10702078015838186,
			0.11208807829687081,
			0.035135221014609,
			0.11209799591862157,
			0.09592804998104755,
			0.09390221085440513
		],
		[
			0.030684862547414635,
			0.016715561893230722,
			0.06177655819079455,
			0.1693892093042987,
			0.06769815793740605,
			0.09944426461182365,
			0.12771430025609806,
			0.021896583921884802,
			0.030064610182426003,
			0.037964327214822666,
			0.13135097974323834,
			0.15541487006618715,
			0.03546249955611151,
			0.014423214574263394
		],
		[
			0.10781335810115039,
			0.014359850285477614,
			0.017297174419266384,
			0.05472057445315013,
			0.1259516488055856,
			0.06997995393666764,
			0.0173659964499244,
			0.13341166181542966,
			0.10499895875415187,
			0.1377438194018565,
			0.02138684495337958,
			0.032016189358014334,
			0.028365718624947044,
			0.1345882506409987
		],
		[
			0.1284898551244791,
			0.013467765077671091,
			0.021515055986660998,
			0.12745927404159246,
			0.101315203156931,
			0.03906873578805875,
			0.07141913043735977,
			0.09506308692769085,
			0.05753707786155257,
			0.11166560530722021,
			0.04815135833409862,
			0.015092533769009158,
			0.10802128313947575,
			0.06173403504819951
		],
		[
			0.048677487429183874,
			0.011841641548709727,
			0.025365043752956076,
			0.07363697984891229,
			0.07708246307456008,
			0.03355483023309545,
			0.09983079625110283,
			0.08967272180936431,
			0.08208081705344937,
			0.025791469391853502,
			0.11984830342113127,
			0.09882036946811236,
			0.10917967874190006,
			0.1046173979756689
		],
		[
			0.11184446001830954,
			0.03634621246871473,
			0.020928857323412285,
			0.02487920387566209,
			0.07941517185759146,
			0.010666842349419456,
			0.09085653155166144,
			0.11164316878265709,
			0.024316486546719116,
			0.04842550678077503,
			0.1185447218435159,
			0.09050171318765385,
			0.11846471389793055,
			0.11316640951597749
		],
		[
			0.0994327414291947,
			0.015804553977087955,
			0.01382346048512163,
			0.10789590096477886,
			0.10240504543656864,
			0.05937943130025892,
			0.09173379439561405,
			0.0422903371068694,
			0.08419315586700415,
			0.030460044431331205,
			0.13003645888127133,
			0.011093290279609007,
			0.11072463310413537,
			0.10072715234115474
		],
		[
			0.11736707157007362,
			0.013171953041359876,
			0.01435530141398502,
			0.12507249575890275,
			0.0646240211186148,
			0.01940562170803572,
			0.11402658427662628,
			0.03823322304734964,
			0.14722628698082652,
			0.019413296058394723,
			0.05263923147368042,
			0.06518415679919365,
			0.09296798033245897,
			0.11631277642049796
		],
		[
			0.01570039509206563,
			0.1298710668314057,
			0.04658782633290041,
			0.05113280463045674,
			0.017626851551859876,
			0.03563947851681327,
			0.13749991664876604,
			0.10702198970254291,
			0.10750254527354583,
			0.019779272560142298,
			0.11532566734213166,
			0.13906191109403454,
			0.059932104479439176,
			0.017318169943895977
		],
		[
			0.12328988294902701,
			0.12815448262104887,
			0.08292089974989737,
			0.07220509270757292,
			0.04705887000762494,
			0.12766093490754316,
			0.025075289405070887,
			0.011422253608410265,
			0.015035964928280231,
			0.11025216577258348,
			0.05102422007074943,
			0.03806168035497804,
			0.04933100611910933,
			0.11850725679810413
		],
		[
			0.04272257091298285,
			0.09237002777869875,
			0.05388202791168966,
			0.07137574772711051,
			0.11692551845192521,
			0.019362106602599283,
			0.07251298117706666,
			0.10941771938342122,
			0.10900097054516364,
			0.11362134738341088,
			0.01138720084629862,
			0.08462753506320597,
			0.015063923468291445,
			0.08773032274813533
		],
		[
			0.03505149778210027,
			0.024730308775030494,
			0.023046057409125888,
			0.02940154389207418,
			0.17876317016312976,
			0.03724719334252854,
			0.18926843202860857,
			0.19248169888641956,
			0.02363108308317036,
			0.032998665483808115,
			0.0712413335645347,
			0.018845642053097626,
			0.031162045103260153,
			0.11213132843311176
		],
		[
			0.05011495576383128,
			0.0678954175356504,
			0.08180716561511485,
			0.010226063272632351,
			0.010663645233589874,
			0.0997601504639932,
			0.08857048284703947,
			0.08668435202221737,
			0.0560299868484155,
			0.08093308105021181,
			0.08689185601390917,
			0.09101355904960773,
			0.09321082338106551,
			0.09619846090272136
		],
		[
			0.08300542334598825,
			0.03819748896979261,
			0.04786153080639121,
			0.055229327697697735,
			0.1233320890470359,
			0.012880229725982207,
			0.017595495700137753,
			0.01347779699911373,
			0.06143765013988148,
			0.13796880073152848,
			0.10810827858391159,
			0.1363579157689199,
			0.08778271875161059,
			0.07676525373200856
		],
		[
			0.09749235726374665,
			0.032019034694515315,
			0.03794264636721035,
			0.08315485857801762,
			0.11133851402568436,
			0.03808191010222357,
			0.11772289529017829,
			0.06375158984552794,
			0.01844484705295267,
			0.11390574429487746,
			0.07294850069397622,
			0.027421413558004887,
			0.10932181266539223,
			0.07645387556769243
		],
		[
			0.07773678972132991,
			0.013406811531190832,
			0.01336588159522846,
			0.0479283537938619,
			0.08132709242624377,
			0.03557886423657766,
			0.07397842420772108,
			0.10934950727787675,
			0.12387361628872369,
			0.07946693974675587,
			0.1166741509798758,
			0.028694064345955075,
			0.09648538753826896,
			0.10213411631039014
		],
		[
			0.03919196511034781,
			0.1503953149976949,
			0.10057160554647074,
			0.059609598771863156,
			0.01825085384306401,
			0.13155824672683525,
			0.0641761512165626,
			0.04340871017502822,
			0.028473747287744294,
			0.11106248342824397,
			0.017298787105931284,
			0.1317622170666293,
			0.08499951793953807,
			0.0192408007840463
		],
		[
			0.09584586267038424,
			0.0673165667178723,
			0.09499564862035655,
			0.046213111988908054,
			0.0139998834519977,
			0.08752364234314783,
			0.09536423949318476,
			0.09533123575259392,
			0.016087484041350193,
			0.043756265285236136,
			0.08673987057838739,
			0.08535536105528171,
			0.09492788411671765,
			0.07654294388458155
		],
		[
			0.053751899613669066,
			0.06681194705500415,
			0.02239181131717769,
			0.02981226766804505,
			0.16962640914918672,
			0.02278651361340168,
			0.01991230765361051,
			0.16438151897308956,
			0.015769527187527988,
			0.06181947103902148,
			0.03009001397640113,
			0.16052261375775034,
			0.046206547279750085,
			0.13611715171636446
		],
		[
			0.04096769590882417,
			0.1300250896961758,
			0.0541556449537586,
			0.06258661232551414,
			0.024405259215298677,
			0.04851580598130389,
			0.028316870873346698,
			0.03292509562493956,
			0.08236280118171296,
			0.12774501941029331,
			0.03664840222564262,
			0.10631258495596639,
			0.11776595583810076,
			0.10726716180912245
		],
		[
			0.02349741891392881,
			0.15857157563249083,
			0.03152453491789809,
			0.07634868371009845,
			0.01695897424576865,
			0.020633428207798715,
			0.08192367811823792,
			0.08954244756397754,
			0.02371695341606845,
			0.1687945419309797,
			0.1414013884696723,
			0.11998836220217642,
			0.017169357487803995,
			0.029928655183100002
		],
		[
			0.11845031820907427,
			0.01020298572452245,
			0.05966948105758076,
			0.10450644358291845,
			0.0975889867610105,
			0.013004646642686987,
			0.11948842051140941,
			0.1104408994328099,
			0.018000385551939058,
			0.02146323362758335,
			0.035873366883811875,
			0.12332385477075529,
			0.09373849811905217,
			0.07424847912484575
		],
		[
			0.11836039677697024,
			0.09984316291217084,
			0.07640806470181934,
			0.044163639443944934,
			0.016073145147855523,
			0.08005299689671617,
			0.07659024591788173,
			0.06241735142101963,
			0.03107784462488382,
			0.023765106812309464,
			0.04077564992328058,
			0.11193046162839909,
			0.1165990598877753,
			0.10194287390497332
		],
		[
			0.10156720138268223,
			0.028102946002821698,
			0.01433907352451464,
			0.13927621260653178,
			0.09211633075656675,
			0.0438654851625319,
			0.10382254991609417,
			0.06685265376726282,
			0.08851421354225425,
			0.0756690909785487,
			0.0955080423065294,
			0.0679700685273452,
			0.013621000119357463,
			0.068775131406959
		],
		[
			0.09438226459246914,
			0.07964774217695615,
			0.020973110860813934,
			0.11294829851304167,
			0.14818462856317835,
			0.017669320158380353,
			0.028701872704466048,
			0.019902862067232113,
			0.15165299253602477,
			0.014486108171687646,
			0.15175389239248144,
			0.0687874888735485,
			0.0416466526245956,
			0.04926276576512432
		],
		[
			0.04758685128329258,
			0.044780381043761225,
			0.02208240161825407,
			0.12929146436975406,
			0.046960823514714596,
			0.027274578884272947,
			0.13564050946080716,
			0.06384234853870567,
			0.1121668813371613,
			0.12308700951720007,
			0.06290837435902387,
			0.033571281700079364,
			0.09626853866825394,
			0.05453855570471917
		],
		[
			0.059727391392695985,
			0.015561134221227109,
			0.02475510834287594,
			0.06660681452800803,
			0.10488613022153762,
			0.028278325061174375,
			0.11992810884784719,
			0.06264167055871374,
			0.0405221086750269,
			0.12621246382951698,
			0.0699857067900011,
			0.06313258087701266,
			0.1064308382850239,
			0.1113316183693385
		],
		[
			0.023393932789891568,
			0.08674178613259168,
			0.12476140897212729,
			0.030564699209156748,
			0.012432209981955522,
			0.0757075973607101,
			0.04179829392868232,
			0.14286336402910088,
			0.11357979726473662,
			0.03792627929146477,
			0.07100256997574102,
			0.14032776107336117,
			0.0667138067689119,
			0.03218649322156834
		],
		[
			0.021770358842795257,
			0.014238122325304506,
			0.01691589727583765,
			0.0641211881305419,
			0.10249044702490316,
			0.03143992051234483,
			0.12923487725533206,
			0.0503772605265789,
			0.020284637029581908,
			0.10652670511476212,
			0.0853079799782233,
			0.10660328599916201,
			0.11865064825126584,
			0.13203867173336653
		],
		[
			0.12210155317961256,
			0.03057071990063066,
			0.030606587632491526,
			0.08125087706352674,
			0.0869973674312574,
			0.08102323280442138,
			0.10283346027025327,
			0.051131984018437354,
			0.05766250486494671,
			0.11569689331453246,
			0.08623637415874351,
			0.043409495150925036,
			0.013322572470152142,
			0.09715637774006933
		],
		[
			0.07048341885554214,
			0.10041180529226847,
			0.04815603262327391,
			0.05233063838595631,
			0.14521792962434607,
			0.016591509967110195,
			0.047419936045174395,
			0.12057455185629609,
			0.15994425476561494,
			0.013784896511220604,
			0.04276248007565741,
			0.13743509652269215,
			0.027081111929248145,
			0.017806337545598894
		],
		[
			0.027360499320200547,
			0.02279480913171877,
			0.07385733818705532,
			0.09340239146485882,
			0.1262868376790479,
			0.030802116711738676,
			0.13084763154716927,
			0.12804392302037107,
			0.030984191084076403,
			0.09599599484115413,
			0.08048772739628496,
			0.033136765962649084,
			0.02597248081123986,
			0.1000272928424352
		],
		[
			0.1080655524655808,
			0.11906764393308288,
			0.04355942957892949,
			0.012410844471713154,
			0.054885660960643616,
			0.05711539756026782,
			0.09214556995530053,
			0.08751301657248335,
			0.11543580239956709,
			0.020855687341368053,
			0.1052351523959413,
			0.026657855668563702,
			0.043769259278141494,
			0.1132831274184168
		],
		[
			0.1088722249729992,
			0.030180280061489005,
			0.04001029663598039,
			0.05451977320354178,
			0.09470575157480726,
			0.06722756127588488,
			0.1049030703479262,
			0.10145358595201001,
			0.010082786659945539,
			0.10795666404154304,
			0.013192157254095322,
			0.10495109308555735,
			0.05658462316603,
			0.10536013176819009
		],
		[
			0.042766247412572886,
			0.032536873925580925,
			0.05271895379878536,
			0.10829849599912438,
			0.13656136508516337,
			0.01921442777730019,
			0.08178571477693704,
			0.08468457108870554,
			0.017145484984282172,
			0.05515207348102621,
			0.04050226926617232,
			0.10549870300338832,
			0.10545388211207794,
			0.11768093728888333
		],
		[
			0.029983416648931744,
			0.10996175359187146,
			0.010490783641207348,
			0.010871542933555611,
			0.01656016430903084,
			0.047170907477961516,
			0.08161873673760968,
			0.126017706745356,
			0.033480229382501524,
			0.12376030839036996,
			0.06040473071323622,
			0.1087611092754144,
			0.11653075697293336,
			0.12438785318002034
		],
		[
			0.12083994161217365,
			0.026362274674271644,
			0.03129553010563495,
			0.017555067699465365,
			0.08199637986185639,
			0.018326256520770204,
			0.05523002148761999,
			0.09425788729043971,
			0.11955498203152987,
			0.1439614454291202,
			0.016419964349546533,
			0.016949940225210076,
			0.12090522203287868,
			0.13634508667948267
		],
		[
			0.0978480734232969,
			0.015347758161718163,
			0.06318887640847022,
			0.11381220001148444,
			0.11908470432722995,
			0.016831517772323244,
			0.05456479804350491,
			0.08621833455748884,
			0.07273221705574548,
			0.11719449519597906,
			0.06111250364388525,
			0.03817480045807899,
			0.1183998926164011,
			0.025489828324393417
		],
		[
			0.12006944026914221,
			0.08472343841166338,
			0.03428181981820429,
			0.055181085775954215,
			0.02877481005725418,
			0.1236489742188931,
			0.13798746191704228,
			0.11013033576032961,
			0.08002150521450568,
			0.024794863383649175,
			0.06968728107298584,
			0.03159188775818034,
			0.05705907554247821,
			0.04204802079971748
		],
		[
			0.058647750469572095,
			0.048173150277142925,
			0.011886876514117573,
			0.020416298199773326,
			0.12223674319773453,
			0.01142231924882959,
			0.015207425204442975,
			0.13506358917510058,
			0.12721675345330813,
			0.07067093479995062,
			0.12395631051616789,
			0.12223362645278159,
			0.02266527156624453,
			0.11020295092483358
		],
		[
			0.07547116243653475,
			0.1017350721322735,
			0.09891288986972635,
			0.03423023760010634,
			0.018854922334922374,
			0.08702901786153931,
			0.10533680555604662,
			0.040077370276467225,
			0.03710240698898782,
			0.10700724514248842,
			0.10398691039327247,
			0.09791773622705212,
			0.0323926649789551,
			0.05994555820162763
		],
		[
			0.06019261308668135,
			0.07530134678911726,
			0.051391939542909514,
			0.12434324132509059,
			0.13341268860810923,
			0.12854614117417096,
			0.07729656597010864,
			0.01613534596181097,
			0.11652648943145036,
			0.0322041739580489,
			0.04665336134123893,
			0.09486329631882964,
			0.03044682975710282,
			0.012685966735331029
		],
		[
			0.10091689119412808,
			0.020431408674495055,
			0.013286085452670437,
			0.06452959152790486,
			0.09862244810885121,
			0.09518081579446819,
			0.012899534680187086,
			0.09498135211786345,
			0.10032429791105156,
			0.08455008189973898,
			0.09776990849029506,
			0.06395886964793512,
			0.06954550931450787,
			0.08300320518590308
		],
		[
			0.03650393440593681,
			0.03156305291859644,
			0.046313060014681745,
			0.04597270842372734,
			0.12307259175858405,
			0.04256086202232478,
			0.16216201313588471,
			0.01887315252947273,
			0.03381342168071826,
			0.15579217248920485,
			0.1589216933912077,
			0.02824698684562728,
			0.05026917859331572,
			0.06593517179071764
		],
		[
			0.03898311645916773,
			0.023082815044125782,
			0.015918351096073615,
			0.1343379029353583,
			0.15068376263346592,
			0.05809630384432207,
			0.12194977343582225,
			0.01595675004378683,
			0.04446802550146705,
			0.021856366049417913,
			0.1502799457871957,
			0.018142208422706554,
			0.05708275898179931,
			0.1491619197652909
		],
		[
			0.014348865725323985,
			0.10845465719656798,
			0.011602692051999767,
			0.12688179226437257,
			0.05063107801715872,
			0.029432557471619967,
			0.046072751462353186,
			0.034158933662221766,
			0.05871358796907534,
			0.12301336073712181,
			0.10553865732363082,
			0.12445128929643554,
			0.12735168568292785,
			0.03934809113919086
		],
		[
			0.06463644260423153,
			0.017127318818593987,
			0.012135162969531526,
			0.1295747408972277,
			0.09750216645110311,
			0.04548238740386788,
			0.07086846572494183,
			0.11108193328878017,
			0.11175437134657411,
			0.07041826287772648,
			0.12139774004880421,
			0.11936199892949227,
			0.012959028606645362,
			0.015699980032479917
		],
		[
			0.04241025835924143,
			0.1249280837086097,
			0.13644307673591358,
			0.017878964511183693,
			0.10207409337198896,
			0.09012019830101159,
			0.02787834453914038,
			0.1302896993175584,
			0.06645959608229016,
			0.016593144371324704,
			0.012933688517288005,
			0.09200849743727288,
			0.017644934105498795,
			0.1223374206416778
		],
		[
			0.16202195536200742,
			0.05667045716873479,
			0.03437288712346687,
			0.15837310469736254,
			0.021833326952729225,
			0.07866648524064031,
			0.02790215066136369,
			0.11575833959873977,
			0.020711414739415044,
			0.09747559958826457,
			0.040824250417635925,
			0.027943600634057274,
			0.13083104219554453,
			0.026615385620038057
		],
		[
			0.05053720135299025,
			0.024957260017108393,
			0.03822741529132197,
			0.0664253976664839,
			0.09924765528639082,
			0.025955043147905248,
			0.08211963732987101,
			0.13085280221787918,
			0.09921580404857812,
			0.1138046309740549,
			0.1174302573102407,
			0.05414183737191176,
			0.01256167691326357,
			0.08452338107200014
		],
		[
			0.09361118511226703,
			0.10825300375881558,
			0.03773249834131612,
			0.016326404357249618,
			0.015241896637657395,
			0.04298813605848763,
			0.0782790849743636,
			0.08075110624965583,
			0.11431616647918824,
			0.010704611619941386,
			0.0508895129103309,
			0.11987338761879365,
			0.11276187151616836,
			0.11827113436576464
		],
		[
			0.017689835128003338,
			0.03383581379634788,
			0.0309164606506652,
			0.09514999086630473,
			0.15511734018313258,
			0.06525499277322969,
			0.07210407057132846,
			0.03821660958686016,
			0.10559578735831793,
			0.04567055812426029,
			0.024926357216233992,
			0.15516168273093367,
			0.031937842024165324,
			0.12842265899021688
		],
		[
			0.10813767360598617,
			0.011658787088135423,
			0.08761546458136245,
			0.05385123951748862,
			0.13388707401153713,
			0.013001470854560342,
			0.01525606105117374,
			0.07573814555963,
			0.02261641280670814,
			0.11472587889448661,
			0.13506636631437996,
			0.09138532519372981,
			0.0636345037556544,
			0.07342559676516719
		],
		[
			0.09010270275555209,
			0.05781935955032584,
			0.04697660301063121,
			0.07977625683333531,
			0.09649642498079973,
			0.05453663688123575,
			0.09457069719814876,
			0.048007081862732864,
			0.10661971023559667,
			0.026415423565540497,
			0.10633148603770493,
			0.09368390751812938,
			0.08474306832661832,
			0.013920641243648597
		],
		[
			0.1210294166278261,
			0.10144926902032873,
			0.08338566131556377,
			0.011819519467477146,
			0.08564990894983522,
			0.05193456796901451,
			0.07697681473159906,
			0.0279688988585438,
			0.11195045612126119,
			0.038352394240751146,
			0.04497976190233388,
			0.11443493448488462,
			0.017108317922647574,
			0.11296007838793315
		],
		[
			0.03484336429169937,
			0.018112844724709014,
			0.015254432575150995,
			0.07095822145189952,
			0.12551713013889715,
			0.016930329242053697,
			0.09917744334443901,
			0.014434660267342768,
			0.028932290442179417,
			0.08900363718734851,
			0.07823835655946812,
			0.13665943914704967,
			0.147344043563644,
			0.12459380706411873
		],
		[
			0.020832987593305964,
			0.05098764592125718,
			0.013232096163427878,
			0.03464474768846845,
			0.13401796121804516,
			0.030226491959871163,
			0.019488100914172357,
			0.13832948359565117,
			0.13968258920272894,
			0.1320650407824707,
			0.014005364983465624,
			0.07158709924430973,
			0.09723921197636957,
			0.10366117875645613
		],
		[
			0.04048805859757347,
			0.03517158877738707,
			0.0503660650847857,
			0.03403773567758109,
			0.14564796937791769,
			0.028891238290300308,
			0.13186716960109773,
			0.08136205493741393,
			0.12637722154432177,
			0.015878614568341727,
			0.04335650532980497,
			0.15003490421344698,
			0.06905547565379368,
			0.04746539834623403
		],
		[
			0.04898736667520124,
			0.03184210546731176,
			0.12669218195205204,
			0.1085905500871476,
			0.10038965185042364,
			0.04910647662531361,
			0.11633644491802236,
			0.059109921968000384,
			0.054813042543514906,
			0.011616928909721455,
			0.019371759548374647,
			0.08329814606293004,
			0.11908981001032887,
			0.0707556133816575
		],
		[
			0.13952286139204942,
			0.05749739926250975,
			0.03815565626439129,
			0.02002508526223791,
			0.13703550488111044,
			0.03596659498392275,
			0.029580595376522488,
			0.12474487415915665,
			0.09308797404350891,
			0.01858852733683039,
			0.034361362466121065,
			0.052015847432506014,
			0.1367516737692551,
			0.08266604336987782
		],
		[
			0.01884773131271702,
			0.033096860781766775,
			0.052712549111701534,
			0.040548534808523634,
			0.1451237738221298,
			0.036899402665058055,
			0.027761134280947425,
			0.07023365083638965,
			0.16691830132813287,
			0.1366492884121121,
			0.03403318921092828,
			0.081452019405002,
			0.10167960498195416,
			0.05404395904263674
		],
		[
			0.022616481930064682,
			0.06800219097282638,
			0.02716055130842381,
			0.078308273941542,
			0.06376620448875905,
			0.05870027160104468,
			0.04510653421912222,
			0.10384348451601462,
			0.11145940802520528,
			0.027140993209885226,
			0.040555596975733306,
			0.05907294930166676,
			0.12513301528085533,
			0.16913404422885667
		],
		[
			0.03464670544792836,
			0.12876290577972505,
			0.0408750867197354,
			0.08911253425416392,
			0.023415118264612827,
			0.08285356999855611,
			0.12446409459967266,
			0.04569436024421807,
			0.02796199959041406,
			0.11915342272892188,
			0.11964605016773928,
			0.13348804991587193,
			0.01784864081662286,
			0.01207746147181761
		],
		[
			0.05474224070967298,
			0.02927850545745053,
			0.028284924991379752,
			0.04915400503542687,
			0.1712163687724023,
			0.09734387646572369,
			0.027870062439523512,
			0.11893296574026536,
			0.06205864821278466,
			0.016963150488827735,
			0.14906163919125331,
			0.02997547147587077,
			0.1340950472833129,
			0.03102309373610564
		],
		[
			0.01702262193392551,
			0.058266876544669916,
			0.019760883081041892,
			0.0822040930125189,
			0.15626910352829337,
			0.0762426644985415,
			0.1193735372058362,
			0.05647771243664037,
			0.03572004528340357,
			0.09445784948394219,
			0.10047158348277917,
			0.013674220330288053,
			0.01735216303389082,
			0.15270664614422855
		],
		[
			0.04313423226009811,
			0.066164271166797,
			0.012019806424687828,
			0.12140840185182424,
			0.11532263787286635,
			0.013244881710636027,
			0.08270267421164396,
			0.1033541529176901,
			0.11824475718047667,
			0.10936605314622118,
			0.07440789741917678,
			0.03982318839815527,
			0.011969523668690172,
			0.08883752177103617
		],
		[
			0.04872596860821103,
			0.11731768127472826,
			0.11410389550882313,
			0.09017169128213637,
			0.04187252024768952,
			0.023713773084618736,
			0.1274758948574873,
			0.137707656077319,
			0.029851022184337713,
			0.01846767776524146,
			0.05956986567944391,
			0.13045862659182447,
			0.015748874494897706,
			0.044814852343241465
		],
		[
			0.015331227327375156,
			0.03952019983162,
			0.0617906561829253,
			0.05701485302638165,
			0.06344522890538169,
			0.013886005883937066,
			0.11776318820451065,
			0.030222629905608367,
			0.1127095500779196,
			0.122790478459142,
			0.016105762057970856,
			0.12056692796627164,
			0.11100677111626234,
			0.11784652105469388
		],
		[
			0.011516463351370224,
			0.0169809269512817,
			0.018655142716161036,
			0.10366964034960645,
			0.13331259869035744,
			0.012013206406936403,
			0.12783236205003184,
			0.011647459253759337,
			0.12628927980773436,
			0.01988724041008691,
			0.09032834659200317,
			0.1076262338238868,
			0.11542223350271598,
			0.10481886609406832
		],
		[
			0.031428086357389154,
			0.024392244669172825,
			0.08238143896285327,
			0.1192216381572853,
			0.11118233613283444,
			0.017311147401838783,
			0.04627066868132309,
			0.12320663219711063,
			0.10973867035160903,
			0.10062849787230815,
			0.06417177366588324,
			0.135474497362384,
			0.014316060366609195,
			0.020276307821399026
		],
		[
			0.11701093282941175,
			0.012229397351933343,
			0.04779664483663305,
			0.08646953843986105,
			0.12927771233915253,
			0.0316797432504528,
			0.08427954114994927,
			0.053258340013246065,
			0.08480800685710199,
			0.10835354422620515,
			0.07320092351399968,
			0.02141493475975473,
			0.1320411353366397,
			0.01817960509565892
		],
		[
			0.023403553076808494,
			0.02802453327442627,
			0.03896534900429675,
			0.13076350661935035,
			0.13562160015233124,
			0.04748659020485256,
			0.13867649218835162,
			0.04711611649045276,
			0.1050815249076835,
			0.1167502044499576,
			0.05162920337854642,
			0.05083128615454156,
			0.038468360464482945,
			0.047181679633917985
		]
	],
	"weights_mean": [
		0.0673328203021789,
		0.05452053405353226,
		0.047299540953620066,
		0.07191797411886167,
		0.09330635501270203,
		0.04714190944430802,
		0.07644677716654051,
		0.07941118564570454,
		0.07448045254276343,
		0.07718183344825803,
		0.07353585441273976,
		0.08000941467843375,
		0.07319445741213029,
		0.08422089080822678
	],
	"weights_std": [
		0.04084975452026658,
		0.03978696977077154,
		0.033267584244383704,
		0.04174358252816477,
		0.04897271761828292,
		0.032379417385468054,
		0.04239926141687164,
		0.0417263747244155,
		0.041423410617890996,
		0.04419440546262247,
		0.042795164832059904,
		0.041795773076667764,
		0.04173678836974906,
		0.0421225127486982
	]
}
