{
	"training_mean": -0.17207317073170736,
	"training_std": 0.083139880552302,
	"training_se": 0.0083139880552302,
	"test_mean": -0.20805555555555555,
	"test_std": 0.1897242557236068,
	"test_se": 0.01897242557236068,
	"metric_names": [
		"width",
		"depth",
		"multi_qubit_gate_depth",
		"total_number_of_operations",
		"number_of_single_qubit_gates",
		"number_of_multi_qubit_gates",
		"number_of_measurement_operations",
		"single_qubit_gate_error",
		"multi_qubit_gate_error",
		"single_qubit_gate_time",
		"multi_qubit_gate_time",
		"readout_error",
		"t1",
		"t2"
	],
	"normalized_weights": [
		[
			0.07508225365437905,
			0.016389717786198438,
			0.07550838414870514,
			0.11394866540135515,
			0.04748360245341643,
			0.04840680120163337,
			0.09925096422287645,
			0.08977046349954429,
			0.11001088707630628,
			0.11109647532798875,
			0.019463822593466556,
			0.06519993711765115,
			0.11263949863979603,
			0.01574852687668287
		],
		[
			0.027648166177028158,
			0.12931621940283003,
			0.021330871297075605,
			0.10964943063452125,
			0.137338794969114,
			0.08456727226956727,
			0.09672945747996331,
			0.0451201379295483,
			0.019303476028229186,
			0.041565785675037034,
			0.07261556461260855,
			0.05562464320622362,
			0.051806428937955555,
			0.10738375138029803
		],
		[
			0.09167629220190429,
			0.12237477477089803,
			0.09125152341760699,
			0.056922665104272345,
			0.01662406486465435,
			0.044561104917108685,
			0.12099505440103119,
			0.03296276684672317,
			0.11034597981395913,
			0.08204752087107163,
			0.016620495361811895,
			0.013154628007355673,
			0.08414214962236122,
			0.11632097979924134
		],
		[
			0.10156194528896058,
			0.05120886837496496,
			0.09267597192329305,
			0.10622645612047234,
			0.11302203833885914,
			0.04974084978153444,
			0.04245221597563192,
			0.07602739887984694,
			0.03175616960828236,
			0.09011143806587557,
			0.04565178179975454,
			0.10434675036482134,
			0.0775456450772595,
			0.017672470400443393
		],
		[
			0.060150261164735076,
			0.10646022930019028,
			0.045534242012446345,
			0.09739677304904146,
			0.07032230776813678,
			0.0619317116064253,
			0.04945378640033042,
			0.09103027925218969,
			0.09640023887462752,
			0.09872453473582182,
			0.028151421159807375,
			0.06773603674516765,
			0.028484718668367295,
			0.09822345926271293
		],
		[
			0.036208136836733136,
			0.11610114163917974,
			0.031463190015764184,
			0.11080803619216448,
			0.07116585936556286,
			0.017839229842056766,
			0.07540197802614955,
			0.08269739345820407,
			0.05937307182733888,
			0.11293626258301821,
			0.03672995300957668,
			0.11292055210069096,
			0.021533408658727327,
			0.11482178644483305
		],
		[
			0.11062110386187954,
			0.1122290072255123,
			0.04275780423158009,
			0.029587024901922505,
			0.009732711767779055,
			0.10150302118354107,
			0.07743889210762026,
			0.010923822962514984,
			0.10838638042146899,
			0.09645944150192759,
			0.08556736511779951,
			0.09439770226093709,
			0.015999252945407133,
			0.10439646951010999
		],
		[
			0.04840102826844244,
			0.0883138344135081,
			0.02864110209683975,
			0.10127923843694601,
			0.08315754644761818,
			0.05265681198553546,
			0.08679238469690656,
			0.11971796621933821,
			0.04108296700549695,
			0.029051569879643913,
			0.030646482374913898,
			0.09997901791399397,
			0.05046971096749056,
			0.1398103392933259
		],
		[
			0.07718311783608534,
			0.01480261894808373,
			0.10799162192753252,
			0.10054527535103289,
			0.06288007498853916,
			0.08592761087973685,
			0.01314650434312945,
			0.04557482681163805,
			0.04215083106931273,
			0.040889117317617754,
			0.11536939276299718,
			0.09231570146998216,
			0.11629468767071809,
			0.08492861862359401
		],
		[
			0.12991559657358173,
			0.13681383045852905,
			0.03175171334408449,
			0.049148742936946176,
			0.06824752159835079,
			0.1413783726897727,
			0.03118423616093075,
			0.013688154327197721,
			0.06404621474053998,
			0.11274589405968115,
			0.07445208268881645,
			0.035237560572668546,
			0.018576646642581345,
			0.09281343320631916
		],
		[
			0.07367201496072313,
			0.034863569098986386,
			0.0976638793449771,
			0.1176941171715671,
			0.07627281799014118,
			0.020324760123609665,
			0.07114856300917362,
			0.01887441306444863,
			0.10020750155339428,
			0.04799891789519728,
			0.08442844001205785,
			0.1065106154752817,
			0.0780147397253191,
			0.07232565057512282
		],
		[
			0.07186846983276403,
			0.12341699026483223,
			0.08329589106609518,
			0.016830995440687894,
			0.0857785684891808,
			0.11360753004856317,
			0.014448598645464232,
			0.10921315398434446,
			0.016457013331179007,
			0.10604178020650455,
			0.11385314793793132,
			0.015480437145787455,
			0.022229143062207152,
			0.10747828054445858
		],
		[
			0.07464734827142055,
			0.06214039761801913,
			0.12733194367062445,
			0.025998565263645666,
			0.10950984779061528,
			0.13452076302467056,
			0.08407685035998022,
			0.024959396327268547,
			0.13236550428601412,
			0.015794403265781305,
			0.12714038483957718,
			0.016075838159043815,
			0.03451281598836689,
			0.03092594113497236
		],
		[
			0.053844058593316,
			0.11578241106320232,
			0.016459341011589232,
			0.1191180802882062,
			0.03523968105613965,
			0.09475152253933115,
			0.025840337010493077,
			0.025435706739552973,
			0.05565539238230512,
			0.08568253229612056,
			0.09013829204823644,
			0.0643454507190601,
			0.10163743117480473,
			0.11606976307764241
		],
		[
			0.02754134807483346,
			0.09802348497213179,
			0.03889404789295169,
			0.020806138915193756,
			0.12400410994494851,
			0.12133527112767109,
			0.06219385081791617,
			0.11491423993080983,
			0.09144326096637488,
			0.026891265900813845,
			0.1240330583801934,
			0.09175979758186278,
			0.04507669306226667,
			0.013083432432032046
		],
		[
			0.038826129811754546,
			0.04023130294443445,
			0.0989062171749208,
			0.15394134515973387,
			0.0743171280171779,
			0.08575054525908091,
			0.13482961238255947,
			0.05347900474289839,
			0.057180983134076435,
			0.09254658349324463,
			0.06004315346811588,
			0.024745214142294393,
			0.020346697377594383,
			0.06485608289211395
		],
		[
			0.04585692720234577,
			0.04270651316644091,
			0.05119475287537941,
			0.11544572700729601,
			0.1377724216915604,
			0.013467374859025386,
			0.05073240736077889,
			0.02579762503392415,
			0.10762980785905446,
			0.10047198426873002,
			0.09997960902285406,
			0.09107104779623271,
			0.013599798758770805,
			0.10427400309760707
		],
		[
			0.07689658073173582,
			0.0274975284487043,
			0.0707772457683329,
			0.11973765726512349,
			0.09812519988174906,
			0.10144530213820213,
			0.06938712620782529,
			0.05257520093520828,
			0.08070048223906152,
			0.019815780279081308,
			0.10348524826855562,
			0.05919006316886971,
			0.012655365231517158,
			0.10771121943603348
		],
		[
			0.11059142064768958,
			0.02396225642866239,
			0.07136932038555571,
			0.15296542260318655,
			0.08044548533847802,
			0.12697773274261712,
			0.04567465133154455,
			0.011695458793678443,
			0.07720509024629561,
			0.1381607938548182,
			0.06046295197480246,
			0.05913353366649553,
			0.016568613131490308,
			0.024787268854685424
		],
		[
			0.05506220324707061,
			0.11825742290842894,
			0.03726651816387841,
			0.12839554908393874,
			0.11145142176266006,
			0.010201108701442703,
			0.11650186341812213,
			0.03533942589256143,
			0.03456320611219739,
			0.0628281955485958,
			0.03802059661195042,
			0.11179922781287226,
			0.08703526004859642,
			0.05327800068768477
		],
		[
			0.025811581742125056,
			0.06681700070527703,
			0.13619417684966428,
			0.02566959950128441,
			0.13326365475564853,
			0.07445850750683705,
			0.03938608112934293,
			0.014750990488595813,
			0.1081426786957907,
			0.1457919212195519,
			0.02564428342596045,
			0.0727970435158018,
			0.09047760171145958,
			0.04079487875266057
		],
		[
			0.022502972179566948,
			0.09005771414289836,
			0.017665198127795503,
			0.13002366559769946,
			0.027493320828845126,
			0.04474649624536547,
			0.10300944761926105,
			0.0973078008573447,
			0.10806176112370836,
			0.042433778826863715,
			0.022460912720131867,
			0.11423522327541835,
			0.11728971244645348,
			0.06271199600864788
		],
		[
			0.07604093676582055,
			0.09332664707319084,
			0.053232602677182474,
			0.0929519992077164,
			0.10114871178699031,
			0.10008157529286278,
			0.02302045516255134,
			0.08557291877972395,
			0.0652713417478924,
			0.028442268099590242,
			0.04962899339411895,
			0.11595966857367652,
			0.04486694922865903,
			0.07045493221002418
		],
		[
			0.013927151051176898,
			0.14048726133209735,
			0.026982563406284406,
			0.033413362432469125,
			0.05517330409624974,
			0.11083931865954252,
			0.14679402328098085,
			0.01604008471662507,
			0.02078163509395317,
			0.07915778011187627,
			0.01730394906485573,
			0.07175501821130162,
			0.1377733601741489,
			0.1295711883684383
		],
		[
			0.07834837975336986,
			0.13150568375554464,
			0.10971160323626498,
			0.06829028876625622,
			0.04915400863996921,
			0.02264511012162393,
			0.07147416702928006,
			0.028326158963706275,
			0.06790009328678605,
			0.10483332822980437,
			0.12160252780815983,
			0.017042441605717388,
			0.09915484389161269,
			0.03001136491190448
		],
		[
			0.10779527375024994,
			0.11052500023469494,
			0.10128886632697397,
			0.13474362300124235,
			0.09872227112663239,
			0.015888800790610072,
			0.013308299513006692,
			0.018486110463211625,
			0.10248268224097354,
			0.01398592094190639,
			0.12323860034876277,
			0.043743991698465885,
			0.08432438989060032,
			0.031466169672669256
		],
		[
			0.10964941634572824,
			0.10941627828094733,
			0.01402086891448649,
			0.08159572554360575,
			0.01495078923235833,
			0.013029452929390173,
			0.12191708642260232,
			0.12583451590556,
			0.016759423174124873,
			0.016795211719986672,
			0.11410513698933787,
			0.08695348419829788,
			0.04573811797269506,
			0.12923449237087906
		],
		[
			0.10491072611951922,
			0.024643117878504917,
			0.0326351803716906,
			0.11444431205460273,
			0.0992344932076755,
			0.10520405883388398,
			0.09313183131468664,
			0.014231682118117402,
			0.10759817756804442,
			0.10374734227695469,
			0.08661827779616875,
			0.03444148200904889,
			0.019512108142166643,
			0.05964721030893568
		],
		[
			0.0631872812140329,
			0.15063980141569175,
			0.08084741371425651,
			0.1113159463166676,
			0.016257363275285774,
			0.12476379545945995,
			0.09573595704012795,
			0.015286756052534814,
			0.07134397722279913,
			0.06930585868804455,
			0.03434808969629136,
			0.012982726489698839,
			0.03380027007941094,
			0.12018476333569804
		],
		[
			0.01339948436841129,
			0.10762441678371318,
			0.11009939230928166,
			0.10743302195755074,
			0.02638299082118114,
			0.023708582865903917,
			0.10947136478231936,
			0.07715497201232781,
			0.08063402721965285,
			0.10932499383689424,
			0.08880542762520845,
			0.026470600771965853,
			0.009115572166649906,
			0.11037515247893964
		],
		[
			0.1067384778630828,
			0.11093262594238039,
			0.1024384409917605,
			0.06430538343767854,
			0.03386495863138422,
			0.009124019794154488,
			0.02907315968846972,
			0.08936377268541715,
			0.08887543966674695,
			0.09320721638956923,
			0.02550945138380775,
			0.07979966507679935,
			0.07236267621655021,
			0.09440471223219857
		],
		[
			0.08488898511813862,
			0.09630569537893141,
			0.02606144101764021,
			0.07080531715933233,
			0.09516835627862619,
			0.08008876479261581,
			0.04824538072908108,
			0.07226134794050024,
			0.08243846554438661,
			0.09641202651539378,
			0.08582350880337271,
			0.053499263469739516,
			0.07783899415033857,
			0.030162453101903002
		],
		[
			0.05689468917455244,
			0.1436947184387055,
			0.04821272467295984,
			0.04368397168520543,
			0.029356243791877568,
			0.012006626165114448,
			0.011327797582101526,
			0.1109459718782164,
			0.04360104321241755,
			0.07927570016868171,
			0.1328463493032718,
			0.04457005515986952,
			0.13315295550178802,
			0.11043115326523827
		],
		[
			0.1058561215392216,
			0.0947828646434277,
			0.05606793025240215,
			0.11971255469580361,
			0.0723552742854437,
			0.019745797175147097,
			0.08314439573712575,
			0.015578126156751236,
			0.04870185302734083,
			0.08656186963680483,
			0.08590424555833025,
			0.10589637811968915,
			0.09270000963926951,
			0.012992579533242605
		],
		[
			0.07309990269202088,
			0.11077356833038135,
			0.013668548564789091,
			0.028058349171510403,
			0.014923091361154587,
			0.048123528325694984,
			0.09136946097648316,
			0.01952006647195025,
			0.029859452097591284,
			0.11616937353226053,
			0.13414037460580278,
			0.09556679213215952,
			0.1419129079289912,
			0.08281458380921015
		],
		[
			0.02386991543130578,
			0.004319997541917268,
			0.07200622672305576,
			0.13867440840187933,
			0.12626603707103276,
			0.046213991115667756,
			0.12126329546303581,
			0.035411533117930535,
			0.016640445207160938,
			0.11669454105930607,
			0.07820324134312691,
			0.06770172119974315,
			0.035186717267726875,
			0.11754792905711105
		],
		[
			0.03875112225919243,
			0.025040354715481224,
			0.061556740632714574,
			0.08457345985350144,
			0.12294549198727106,
			0.025913714103320527,
			0.12328026724915278,
			0.04147902396482264,
			0.0672643029037297,
			0.1118025895905244,
			0.06256108159598127,
			0.06619394860472916,
			0.12365645080112261,
			0.044981451738456114
		],
		[
			0.10412009442248926,
			0.038770482057488904,
			0.045335847095140165,
			0.127266593355293,
			0.11458073231203782,
			0.015997939466674077,
			0.011931949740098273,
			0.10698464546492463,
			0.04399566803912621,
			0.026781311158326552,
			0.1066760956877209,
			0.12218094805352894,
			0.02542587573117837,
			0.10995181741597283
		],
		[
			0.0872395329370329,
			0.033250535414830674,
			0.04702739446305876,
			0.098295412269825,
			0.12135812759041131,
			0.013597717288193036,
			0.11183617786913863,
			0.010070157863395804,
			0.1003294722318305,
			0.04683771602035805,
			0.09834375392681818,
			0.10438907887743964,
			0.01865204513400211,
			0.10877287811366534
		],
		[
			0.06020110211329904,
			0.11786273344257346,
			0.10579063280902946,
			0.09424545678847372,
			0.011747368630404527,
			0.10715193633616503,
			0.10666201839630375,
			0.10869928003165445,
			0.018266614536955342,
			0.06333465647774081,
			0.027229532621367552,
			0.09613114197566221,
			0.02346919835121339,
			0.0592083274891574
		],
		[
			0.09781379663623374,
			0.12886255735145538,
			0.12731100790591954,
			0.07301516640567543,
			0.019286961125252012,
			0.07357095608889301,
			0.033396616471265995,
			0.0686023489939695,
			0.08665671260869708,
			0.04941254312746448,
			0.11413095677328475,
			0.053686662658474806,
			0.02599796514889267,
			0.04825574870452163
		],
		[
			0.07685884178041012,
			0.013603455968808154,
			0.12252226585445887,
			0.13915218238600902,
			0.06096314489483045,
			0.03165657981921756,
			0.047091920710808935,
			0.029177140979579224,
			0.07464685595376398,
			0.061043661161361534,
			0.061333861864929715,
			0.10575823153670184,
			0.049665545615533324,
			0.12652631147358734
		],
		[
			0.09882115763960689,
			0.07996854840809828,
			0.13183218874452943,
			0.0462870889288188,
			0.021909754323304373,
			0.10349770950531224,
			0.029093539233522103,
			0.12857628135289478,
			0.039371830056445706,
			0.11997819309605658,
			0.06728176160285078,
			0.022500077169392497,
			0.09003813936480756,
			0.020843730574360047
		],
		[
			0.08482112141708076,
			0.11779426086758359,
			0.12292996247970583,
			0.10400363522879531,
			0.05559978155551692,
			0.014083903030099687,
			0.031243245333393416,
			0.07089520899906235,
			0.022718969383367083,
			0.05397663864438988,
			0.13334409508876877,
			0.01693976378728475,
			0.13595004967998955,
			0.03569936450496232
		],
		[
			0.04515882617061942,
			0.01194566276675317,
			0.02662986487533892,
			0.08857489031370543,
			0.14866833005791105,
			0.08966867279361526,
			0.11349324158862434,
			0.06951909683137455,
			0.03669675087141614,
			0.12773042801307205,
			0.01976534348833396,
			0.060645156235906335,
			0.1331182784861665,
			0.028385457507162964
		],
		[
			0.08218190175509771,
			0.0649726698426325,
			0.12825658238621138,
			0.04794954180214465,
			0.11807255509486655,
			0.04586188620966898,
			0.12789384804203008,
			0.021882790378152054,
			0.014766364233833923,
			0.07467272199269079,
			0.097078982689878,
			0.039787968337459456,
			0.051692229624363574,
			0.08492995761097036
		],
		[
			0.08675249808840321,
			0.05814454841063212,
			0.09756281010279662,
			0.06542662971659842,
			0.09019540594561022,
			0.0965208442351802,
			0.07748418521957513,
			0.04558347681731299,
			0.00964675927152713,
			0.1058717467268219,
			0.08005062301312574,
			0.01547896553443723,
			0.06781939121349566,
			0.10346211570448342
		],
		[
			0.09574718923344093,
			0.046984979633268455,
			0.0673948339878204,
			0.08112046401514222,
			0.0967150978583878,
			0.09486291242520453,
			0.09647942942007419,
			0.08925217821353687,
			0.09685687174270255,
			0.008553669522205942,
			0.07428945353323128,
			0.0781522909368872,
			0.06126213676643253,
			0.012328492711664946
		],
		[
			0.1028058683677144,
			0.1520148937097923,
			0.10585704202438959,
			0.10396019448135357,
			0.021007279662331697,
			0.09511629149054436,
			0.06623157680999799,
			0.08815171551179932,
			0.038546718558163,
			0.023379459779083216,
			0.055014862916613616,
			0.08074933289343948,
			0.024157203668732634,
			0.043007560126044904
		],
		[
			0.10228695716543645,
			0.11008984102288968,
			0.023205003880689516,
			0.10249471035383838,
			0.11504156822502695,
			0.09057602231626505,
			0.03273550053896357,
			0.020754465526424973,
			0.09903192755168691,
			0.01864074980644473,
			0.0920464063895314,
			0.0602158926680599,
			0.022579361641939914,
			0.11030159291280262
		],
		[
			0.13795344074282853,
			0.13997507805783266,
			0.024303548277748444,
			0.02489976141959855,
			0.01869315419068667,
			0.014653434895319443,
			0.12677156218619123,
			0.013456246777946492,
			0.13213564014119364,
			0.12266983234357744,
			0.04155412489093326,
			0.1381733269275246,
			0.029220879762611646,
			0.035539969386007474
		],
		[
			0.09205699698101788,
			0.012257517938445777,
			0.07744740221407581,
			0.10379082004411029,
			0.1322763425039001,
			0.0171555288639722,
			0.08757176127249498,
			0.045026920035971446,
			0.11781276692560323,
			0.04655031697984678,
			0.11201456358675962,
			0.040207147631907886,
			0.0964329338197751,
			0.019398981202118946
		],
		[
			0.08142386408322026,
			0.07187058505530591,
			0.11317505217728757,
			0.11620542564579531,
			0.04868463819244654,
			0.0630632183498396,
			0.04466838841257295,
			0.08938848539189821,
			0.09632146143195165,
			0.021456315230478095,
			0.04359132026501904,
			0.012261786235642466,
			0.10183905246236831,
			0.096050407066174
		],
		[
			0.0941327973957032,
			0.014328510884477993,
			0.1131020263009115,
			0.10643115082298765,
			0.10255365252596892,
			0.020459707490991175,
			0.06086126350248473,
			0.010861019850860121,
			0.020187228628757818,
			0.06106831425063556,
			0.05749034755540186,
			0.11412262006144905,
			0.11827992486556294,
			0.10612143586380764
		],
		[
			0.044283782528469186,
			0.061930967263881746,
			0.049725092355185165,
			0.13391742800964465,
			0.10873487923931364,
			0.08889475725029865,
			0.0523937560018602,
			0.05723748497974665,
			0.07271828308082273,
			0.0231615504411066,
			0.1171525895507425,
			0.02665028384526342,
			0.06337112802419653,
			0.09982801742946835
		],
		[
			0.05642297178316804,
			0.021584760362063117,
			0.0931636936854858,
			0.060822489525076524,
			0.14011643214605576,
			0.022474214383905983,
			0.05565218159425372,
			0.01297753908292081,
			0.12545415910954785,
			0.12954974205981926,
			0.12621873303987713,
			0.012061703764831126,
			0.07630884810713354,
			0.06719253135586148
		],
		[
			0.09772914631070223,
			0.13700988850243842,
			0.03452521347543353,
			0.028466739320327904,
			0.01639423749914647,
			0.02926740545719007,
			0.01924781871381916,
			0.11381575715816149,
			0.013017794591700655,
			0.09290640260067924,
			0.1166538310767794,
			0.05391874404442005,
			0.12600240129926382,
			0.1210446199499376
		],
		[
			0.11663328251658905,
			0.09152722540459697,
			0.042553763903561206,
			0.013532424386088811,
			0.11506650442669297,
			0.04581822463156587,
			0.11321099101301257,
			0.06442072149331071,
			0.1098416810372748,
			0.05605814927093052,
			0.01804665886336708,
			0.08693210905206722,
			0.01294217744481641,
			0.11341608655612599
		],
		[
			0.09451274938586067,
			0.1080354021792192,
			0.07515552144695904,
			0.07990091544196769,
			0.06360161634394147,
			0.046704326024431954,
			0.11810981673337856,
			0.07859817187884743,
			0.04348928097848198,
			0.08482222033582819,
			0.10340116041870996,
			0.07022605005618465,
			0.014758295741274753,
			0.01868447303491441
		],
		[
			0.03949027583322602,
			0.11081481298765027,
			0.06981476463324802,
			0.027976037743433515,
			0.10155179697926348,
			0.06843252018890562,
			0.03737842812616843,
			0.10315150516492348,
			0.08769669084997796,
			0.014478095538323084,
			0.08625153470714579,
			0.10592610394662877,
			0.04370967183431203,
			0.10332776146679346
		],
		[
			0.024614519565200974,
			0.0348503472679598,
			0.07376424540223284,
			0.134587505165899,
			0.014622431182854084,
			0.13575242399900653,
			0.13788136154472683,
			0.048900818117664634,
			0.07564665397320672,
			0.12522000861230773,
			0.02909805853570264,
			0.019149288675263564,
			0.12946766276484403,
			0.016444675193130455
		],
		[
			0.11439686869872358,
			0.0314727603082867,
			0.016197897523559414,
			0.1606905137999232,
			0.015978484154210083,
			0.032360846096031015,
			0.12169019302821317,
			0.038179445583206476,
			0.1370332176038956,
			0.022252324386287756,
			0.02427209479544908,
			0.14450195854565778,
			0.0648335181223135,
			0.07613987735424256
		],
		[
			0.11076094494091261,
			0.02784551114412213,
			0.11369668058538142,
			0.014642457491059298,
			0.07489448826578401,
			0.12250043043739765,
			0.010995762363766905,
			0.025240666592217038,
			0.08747797146718155,
			0.11788204963519547,
			0.011905213826012855,
			0.10350606642816797,
			0.09197671811221553,
			0.08667503871058549
		],
		[
			0.011292646084815686,
			0.12125248041408695,
			0.1275186697401095,
			0.04609104162667523,
			0.0237696944746877,
			0.12841958112385238,
			0.11203009875423864,
			0.022460567985443297,
			0.057277404886821696,
			0.061010467706463165,
			0.09235803214650994,
			0.012766799111499751,
			0.098442817161005,
			0.08530969878379117
		],
		[
			0.09671276616352671,
			0.013040151404073932,
			0.09006737241783765,
			0.021024313512503875,
			0.10955291721799734,
			0.027043994222310044,
			0.020912413181449176,
			0.053401395124285704,
			0.11023034790816182,
			0.09536725712644324,
			0.07129909098826598,
			0.09493269460523898,
			0.09951162863607242,
			0.09690365749183316
		],
		[
			0.021403939416558587,
			0.02469066704752576,
			0.03289745747481546,
			0.1103592103627679,
			0.11795927993442062,
			0.11045427021826133,
			0.11215720980821037,
			0.11338135809109902,
			0.024087859594040313,
			0.019300890887942197,
			0.10954556548382997,
			0.07553502910302157,
			0.1173910991481496,
			0.010836163429357388
		],
		[
			0.05867140991904088,
			0.17285455635437594,
			0.03666303080790706,
			0.11582237619821387,
			0.053011064852222844,
			0.04296982765178838,
			0.13432146973555384,
			0.021738906189736486,
			0.022197364512867704,
			0.040768663664304164,
			0.09461591805046497,
			0.055451170571898425,
			0.10035725485890414,
			0.050556986632721145
		],
		[
			0.027155158152150465,
			0.12226152646988184,
			0.027499445880996534,
			0.010386640107282812,
			0.07543576522953929,
			0.05309434028031129,
			0.07469245835861256,
			0.11367631047910601,
			0.11491682585392984,
			0.02343076223884653,
			0.08359249566004756,
			0.0867175035948063,
			0.11264906600124594,
			0.07449170169324297
		],
		[
			0.029004650937717546,
			0.018739822458527924,
			0.02407167598839062,
			0.13102949423583826,
			0.16961968967261112,
			0.021589486392964072,
			0.04008700706811456,
			0.17323065759686007,
			0.09609664603298036,
			0.10805408955691971,
			0.029318897706527274,
			0.02916926178910197,
			0.10692250608265512,
			0.023066114480791412
		],
		[
			0.016698771657379465,
			0.13735602758262863,
			0.023656873903048645,
			0.054852333921871325,
			0.022226853017867813,
			0.10181873686461053,
			0.03851900392667563,
			0.05471143605184581,
			0.12442408407223127,
			0.016418342204218256,
			0.13629040724130576,
			0.054823837774968714,
			0.08333031716386856,
			0.13487297461747955
		],
		[
			0.09992210062728406,
			0.11813602833609084,
			0.04245034725307779,
			0.038333403541929954,
			0.06672925084877393,
			0.04164454512676612,
			0.011063491117988957,
			0.08141971695589456,
			0.0752409082873303,
			0.08456933736557672,
			0.0836807314432723,
			0.06599828651988364,
			0.08759829694989145,
			0.10321355562623943
		],
		[
			0.11701913020711616,
			0.09794565652676865,
			0.020997078354676398,
			0.037277312681285445,
			0.05475657734372786,
			0.13587391609233387,
			0.13475222524675654,
			0.02716615983204985,
			0.13836018959216015,
			0.05928668801711137,
			0.037707505302991426,
			0.012523971377249175,
			0.11315816200000979,
			0.013175427425763182
		],
		[
			0.05842784279647375,
			0.05918415606750003,
			0.1559733083642423,
			0.20252856998835658,
			0.16524256276456617,
			0.03860883196267512,
			0.023278371714924168,
			0.016538542572442912,
			0.05143817015493253,
			0.016976903393372555,
			0.045948405347580705,
			0.02423339813623798,
			0.05798424212312873,
			0.08363669461356658
		],
		[
			0.02318998325929696,
			0.03945923720540816,
			0.10506156759668896,
			0.07062552171200714,
			0.03965764791039977,
			0.10374426024071419,
			0.11106215401249124,
			0.08246486035377323,
			0.01376000379344636,
			0.033467823710356545,
			0.08548820163227976,
			0.08690678314509188,
			0.09166912985437557,
			0.11344282557367022
		],
		[
			0.10753263219598423,
			0.06533631050457123,
			0.08833152753502738,
			0.10295150896934549,
			0.07483031698401402,
			0.01610089826818609,
			0.08011401031284511,
			0.05683267588780894,
			0.09254231220988471,
			0.11646680888011039,
			0.06887638397000347,
			0.03074676934013417,
			0.01729003325393077,
			0.08204781168815413
		],
		[
			0.1176643594734542,
			0.06040134503599123,
			0.013650109028674936,
			0.16109989871820374,
			0.11953945570712528,
			0.13808409613663575,
			0.0898870524082033,
			0.1320002779619601,
			0.049860821348804645,
			0.02972626781222402,
			0.012597417187291135,
			0.016495931973689502,
			0.030249709035282832,
			0.028743258172459447
		],
		[
			0.1342407841772285,
			0.051860355045154204,
			0.03535049802094502,
			0.021549694818340022,
			0.030285073133682897,
			0.1582354942333653,
			0.014445572582523854,
			0.09079378087447841,
			0.1534038104577493,
			0.04803551092220738,
			0.06287630590176868,
			0.05944972638334805,
			0.02464631653901641,
			0.11482707691019195
		],
		[
			0.1297316523773412,
			0.032366512834293246,
			0.03283851572859267,
			0.11910099858644305,
			0.1414673839698575,
			0.042201439450372545,
			0.053385981265306,
			0.025320858318079894,
			0.03429078521089021,
			0.13027313761117196,
			0.028146417760283194,
			0.111000254912501,
			0.03257985872976183,
			0.08729620324510563
		],
		[
			0.027158745569953787,
			0.1402953575863937,
			0.08337591077407658,
			0.06721362223785031,
			0.05718478167680083,
			0.11621276239709148,
			0.10785055372557577,
			0.030433548226572,
			0.09094339195309319,
			0.03697039553410575,
			0.013812061055863679,
			0.027980188338456512,
			0.12482858026899736,
			0.07574010065516927
		],
		[
			0.053230589711084665,
			0.13968841513275107,
			0.09604624044779746,
			0.024040604670855652,
			0.09273866998889584,
			0.06876710183675619,
			0.13261013111832864,
			0.021493413328351613,
			0.08384720091443504,
			0.08060140965777077,
			0.09952558647766217,
			0.024887956400928942,
			0.028515286395542495,
			0.05400739391883943
		],
		[
			0.12408818107890286,
			0.01727861239886085,
			0.10760995643654102,
			0.08906268509134697,
			0.03584786837002325,
			0.07164171840448705,
			0.12774998112417088,
			0.055148783105635854,
			0.045572144201849726,
			0.05003179458271393,
			0.01247484600341502,
			0.11651210682221633,
			0.02643040817732171,
			0.12055091420251451
		],
		[
			0.05607327782155564,
			0.15409037624225652,
			0.018431247878588086,
			0.032174285114200875,
			0.02753450128169626,
			0.13517490172060573,
			0.07624744286902034,
			0.05231463334280991,
			0.05281604586071316,
			0.12482730343653659,
			0.022293829738829197,
			0.035188454001717204,
			0.14363111252295122,
			0.0692025881685194
		],
		[
			0.10667121609599944,
			0.06818648614161579,
			0.05449079860443818,
			0.1074466858853963,
			0.11524445445816875,
			0.01799553838333096,
			0.11026121298011174,
			0.034816819928648435,
			0.1033904579378226,
			0.10329614036761736,
			0.012180939624599466,
			0.02038085345590615,
			0.10859547434913965,
			0.037042921787205134
		],
		[
			0.1053855398179685,
			0.14366924035998568,
			0.0865705080210821,
			0.041928418563994686,
			0.02661024048083815,
			0.1387302318390486,
			0.019834569695148012,
			0.023421786828035786,
			0.13933302101134817,
			0.04367561548222365,
			0.0980139459008227,
			0.017725476001017065,
			0.094051047786095,
			0.02105035821239201
		],
		[
			0.023876137486385902,
			0.09370814442948636,
			0.10405601945775383,
			0.07196615323851169,
			0.053623459471319225,
			0.06785546607243101,
			0.019186718650314183,
			0.16572295490608577,
			0.031699485973498615,
			0.06777600885252884,
			0.05228519676103311,
			0.034211850916346626,
			0.1311180034959827,
			0.08291440028832225
		],
		[
			0.04237283341673113,
			0.1457897778173337,
			0.1368175399036505,
			0.052730896002157,
			0.040457382404712416,
			0.042058478270848756,
			0.026756674520165728,
			0.12248928759773207,
			0.1318746973103361,
			0.06131016850410177,
			0.039554355206294106,
			0.019126569074994833,
			0.11529235945733828,
			0.0233689805136037
		],
		[
			0.09362286713600804,
			0.03400252736253813,
			0.015392157231342301,
			0.11360209560072988,
			0.10218210137476158,
			0.02428265420555914,
			0.10269891001377998,
			0.10140740535593773,
			0.10194960613381146,
			0.009852472407718388,
			0.09642286924679055,
			0.0736095683933881,
			0.035927005956530256,
			0.09504775958110452
		],
		[
			0.04343423081125351,
			0.16007041648643533,
			0.017616371787610677,
			0.03979779700726746,
			0.07656639494466222,
			0.03590926849932919,
			0.0384158208228452,
			0.1128864831329266,
			0.03626096131413568,
			0.032909764418455716,
			0.11469702512174856,
			0.03569312313553548,
			0.13892682453380906,
			0.11681551798398533
		],
		[
			0.05662524949338803,
			0.13822705866342722,
			0.11805067907787596,
			0.023148903630611718,
			0.09833813684421161,
			0.08417803829385266,
			0.10719009090841837,
			0.03465425351376827,
			0.0493989820768481,
			0.06760923735842965,
			0.12764385291805747,
			0.053019618997823474,
			0.028790969437411443,
			0.013124928785876119
		],
		[
			0.01818780399496785,
			0.05100737128952426,
			0.0768553551941707,
			0.030997348818746214,
			0.0951714191458509,
			0.10472934350201919,
			0.07327007898451202,
			0.10396971135319233,
			0.09426653464467889,
			0.10130005321852809,
			0.04471296551176241,
			0.070956613135663,
			0.09411106137756119,
			0.040464339828822964
		],
		[
			0.018443977991011325,
			0.11795785154895498,
			0.013324427764076495,
			0.12687733078575114,
			0.07536416259975016,
			0.06937783539104361,
			0.05795024300792385,
			0.05591424669185941,
			0.020529593915543442,
			0.10772590990229987,
			0.1327792250342997,
			0.03649223981702766,
			0.11251173780504566,
			0.054751217745412674
		],
		[
			0.1431927077367289,
			0.17105661010334056,
			0.02165945502282495,
			0.025310212369007514,
			0.028661314354164687,
			0.05814404020809654,
			0.03521657774772013,
			0.1366108716030308,
			0.07508229456401469,
			0.049308913150899,
			0.0366840784387877,
			0.04954838289032752,
			0.0676557787974566,
			0.1018687630136005
		],
		[
			0.0317527630567534,
			0.07479714622606658,
			0.0415496479049611,
			0.07329872335335955,
			0.06783046019084757,
			0.12194444738181563,
			0.04070679447997484,
			0.03169654168507759,
			0.11318109452362557,
			0.11399471397027482,
			0.05713248228187865,
			0.10474546718700262,
			0.05634553778311319,
			0.0710241799752488
		],
		[
			0.11578345634943972,
			0.11250794013903785,
			0.04554519117557378,
			0.12011763827694479,
			0.03644352165743179,
			0.05169547559009447,
			0.027773884569806312,
			0.07932981242570346,
			0.11469887751542211,
			0.015483672125657724,
			0.01399847842625592,
			0.10568717009466685,
			0.11505203743947984,
			0.04588284421448545
		],
		[
			0.0501272283142991,
			0.11224993808342572,
			0.013600597064246548,
			0.09714498254224177,
			0.013784192848826475,
			0.10784751243694708,
			0.10586974797842623,
			0.011886011342390734,
			0.025073160331045192,
			0.08225311387276611,
			0.10264288999495774,
			0.07238139350421932,
			0.1006020910714431,
			0.10453714061476478
		],
		[
			0.1057797455358252,
			0.09682115088593699,
			0.10151418206123028,
			0.10666768861468891,
			0.09754312306691948,
			0.10214935011694655,
			0.09885047269257083,
			0.04641706388483902,
			0.01933553088062407,
			0.07004915480094036,
			0.021148801099909523,
			0.09603584218333913,
			0.02149318876202197,
			0.01619470541420754
		],
		[
			0.10401434619925572,
			0.03189005540776855,
			0.009866573300296201,
			0.10592733396144868,
			0.11065911355108371,
			0.02806453792638777,
			0.05531101081990715,
			0.03216867591875413,
			0.08329797786619014,
			0.04912592938744987,
			0.06492474331927175,
			0.09831856280966614,
			0.11412534290781372,
			0.11230579662470644
		],
		[
			0.11530451221223798,
			0.020869539963152713,
			0.10137802390575183,
			0.11846324940800808,
			0.12546683668029085,
			0.08164889339740515,
			0.02514382850693036,
			0.028555909916308728,
			0.049231354995649235,
			0.07698514488188496,
			0.048145686488715,
			0.11170792384141426,
			0.04343269919708354,
			0.05366639660516738
		],
		[
			0.12979348419074485,
			0.10540474503897167,
			0.025861499134181887,
			0.0202327970263084,
			0.012219985512269093,
			0.11073539011013445,
			0.12276112760247783,
			0.11099813579764824,
			0.011707383621719133,
			0.04977550287421716,
			0.09927356079689255,
			0.015946631243566625,
			0.12877549589869067,
			0.05651426115217746
		],
		[
			0.09098093576344564,
			0.03906620976756018,
			0.06451521170005663,
			0.08818329349117447,
			0.1364735338255355,
			0.07328798077974652,
			0.0998340359684723,
			0.035315140106712446,
			0.1249427336830942,
			0.038895023652824545,
			0.036065405977360104,
			0.07541824255348395,
			0.01951803193313045,
			0.0775042207974031
		]
	],
	"weights_mean": [
		0.07426715006326692,
		0.08333073206442311,
		0.06584190911091752,
		0.08293161594644514,
		0.07467895518419017,
		0.06839491931201336,
		0.07226836767225271,
		0.060095412315434166,
		0.07119545667613457,
		0.0694100120861883,
		0.070185882574645,
		0.06387211612556473,
		0.07090513488279936,
		0.07262233598572493
	],
	"weights_std": [
		0.03526098065509632,
		0.046313964281018284,
		0.03868314075735284,
		0.042397507895765865,
		0.04197845617970275,
		0.04081251171183695,
		0.0394342136740448,
		0.03973235576059115,
		0.03788340789962584,
		0.03719868420346323,
		0.03747488094799317,
		0.03522864554474341,
		0.04101223574885199,
		0.03737973372843193
	]
}
