{
	"training_mean": -0.15060975609756094,
	"training_std": 0.0853026769708537,
	"training_se": 0.00853026769708537,
	"test_mean": -0.1991666666666667,
	"test_std": 0.18040827326297537,
	"test_se": 0.018040827326297536,
	"metric_names": [
		"width",
		"depth",
		"multi_qubit_gate_depth",
		"total_number_of_operations",
		"number_of_single_qubit_gates",
		"number_of_multi_qubit_gates",
		"number_of_measurement_operations",
		"single_qubit_gate_error",
		"multi_qubit_gate_error",
		"single_qubit_gate_time",
		"multi_qubit_gate_time",
		"readout_error",
		"t1",
		"t2"
	],
	"normalized_weights": [
		[
			0.12429940230963105,
			0.025304487389654445,
			0.012298536456622017,
			0.08713167638006801,
			0.11225358859906293,
			0.07150630080195303,
			0.11714740195556086,
			0.09259756481637373,
			0.10704424862597027,
			0.0727088120749413,
			0.02669927351540064,
			0.10776161581096912,
			0.021579374783238722,
			0.021667716480553895
		],
		[
			0.11443185526901126,
			0.07378987188305046,
			0.017821981646935537,
			0.12395495543220518,
			0.1166592821007376,
			0.020418118514273303,
			0.017512295350468263,
			0.10840125700362777,
			0.0030079677820579057,
			0.07649597325561967,
			0.11531636958978302,
			0.06987737232408371,
			0.05131917509391408,
			0.09099352475423228
		],
		[
			0.11210606504668165,
			0.1332902209471507,
			0.05675159220231805,
			0.049449970287472174,
			0.024802562070274335,
			0.03822208914685391,
			0.1172525664435498,
			0.032414995398912974,
			0.12864031940953854,
			0.01794320150374362,
			0.08883760063129352,
			0.06342470553926416,
			0.04749654129347286,
			0.0893675700794738
		],
		[
			0.029726037374106302,
			0.11353079570191492,
			0.0589013591035366,
			0.06706687461396023,
			0.10185564849129987,
			0.11312764886546942,
			0.09439173094685477,
			0.11195740915295023,
			0.030599356245594615,
			0.07938013495694994,
			0.08956746232514287,
			0.01727581124943008,
			0.0557422611944485,
			0.03687746977834157
		],
		[
			0.09754427838693376,
			0.03637291709152059,
			0.01601306304634974,
			0.10488811388404744,
			0.14142157766116656,
			0.05024441273568541,
			0.15439991094750458,
			0.0376879098662614,
			0.13554379506520356,
			0.021977233859048977,
			0.018012932358129383,
			0.01606920886175986,
			0.15480620675136617,
			0.015018439485022532
		],
		[
			0.08497464696609343,
			0.02700308526730321,
			0.13779844030666347,
			0.11997909579609609,
			0.09754125587612598,
			0.02423156088227758,
			0.048626433768864843,
			0.07819561122407646,
			0.022224914145467782,
			0.12852196773639993,
			0.021358407112541923,
			0.02433065917443637,
			0.030592210375059017,
			0.15462171136859368
		],
		[
			0.028800889940893176,
			0.11092008713314706,
			0.05340890729599564,
			0.06409771865477386,
			0.010900792749692148,
			0.08804002147044197,
			0.10986582688104292,
			0.1056044428423507,
			0.026602149530942084,
			0.02225992847760313,
			0.10827520701395867,
			0.06923038213478414,
			0.11112428732431878,
			0.09086935855005575
		],
		[
			0.10028964515542547,
			0.02835861708223664,
			0.04120865947468961,
			0.020280654311949087,
			0.1236736804432738,
			0.04823337499034229,
			0.11048977347906665,
			0.023242132900892987,
			0.1353647221909262,
			0.0669247135417013,
			0.13502284310932633,
			0.07700746226720358,
			0.023790589748879556,
			0.06611313130408655
		],
		[
			0.006215977112535696,
			0.044298179877715754,
			0.02454042728254752,
			0.06622450696152846,
			0.08347735033479806,
			0.0007105840222467813,
			0.09261807928201975,
			0.11108485095483929,
			0.04233492706145001,
			0.11838460666841429,
			0.08700468533518932,
			0.11479756968850853,
			0.11518592900870099,
			0.09312232640950557
		],
		[
			0.06951781929068795,
			0.08002439660044813,
			0.018428395479231523,
			0.023588725771072322,
			0.12504658234714064,
			0.012322898228145456,
			0.1367490206543029,
			0.14731464420799673,
			0.11379425145150306,
			0.043752249518910685,
			0.13862501255882678,
			0.013239350370450445,
			0.025840249190327517,
			0.05175640433095581
		],
		[
			0.1645408215846456,
			0.1518928717805001,
			0.023444621732476134,
			0.10754898864252589,
			0.019522509612135676,
			0.021783124681982412,
			0.1329978124566242,
			0.017173457932101628,
			0.07089860732498413,
			0.028568715030112418,
			0.16978822338867072,
			0.019764786260459567,
			0.0343777901292805,
			0.03769766944350104
		],
		[
			0.011675656152673828,
			0.11954917865047167,
			0.09843815607454105,
			0.06871372725068324,
			0.05060085531903713,
			0.10069571130620728,
			0.08656724013200581,
			0.13012342098460547,
			0.016401946026630063,
			0.13042070115954538,
			0.023390832854262723,
			0.01600416546218144,
			0.11663694798307535,
			0.030781460644079515
		],
		[
			0.10213340246726761,
			0.09674776633243197,
			0.11284106069766238,
			0.017860705845114896,
			0.06513285858927173,
			0.1312505420599474,
			0.011066724430923328,
			0.11353883980968824,
			0.04651257088759027,
			0.01460636660501687,
			0.03915379772366359,
			0.09112821319581589,
			0.07143733297460747,
			0.08658981838099833
		],
		[
			0.03883262722922156,
			0.11001108274737934,
			0.12313715339194466,
			0.04445678457343051,
			0.05862428643334796,
			0.09227182185439146,
			0.06255043200094519,
			0.04731464110037195,
			0.12911894246319466,
			0.02566230734021269,
			0.11015038210636782,
			0.01356210394824447,
			0.13018453093475452,
			0.014122903876193306
		],
		[
			0.12010633608558562,
			0.002835573646816223,
			0.09151074357710655,
			0.09865274757792894,
			0.12789392385725432,
			0.021729415848737603,
			0.03686733376581383,
			0.0457133822010538,
			0.13186364060473255,
			0.02590713074890918,
			0.1345719440947078,
			0.004393870937317882,
			0.03913291681987242,
			0.11882104023416329
		],
		[
			0.05945364145860383,
			0.15609177534303748,
			0.04287101216986004,
			0.03966051324007455,
			0.07663503776313937,
			0.10835495555262704,
			0.03248432253101594,
			0.08250394829313076,
			0.03502679622892566,
			0.05085752295726892,
			0.12120915879615349,
			0.15202183919403273,
			0.01716297004559615,
			0.025666506426534036
		],
		[
			0.013495050621770125,
			0.024543678410252352,
			0.028772036572146314,
			0.15314524767545723,
			0.13785577832741083,
			0.0189442975743049,
			0.14525121013785278,
			0.015425314686924593,
			0.04292982260488786,
			0.020972173605364172,
			0.10494644340048566,
			0.08393973277889272,
			0.13030286085253937,
			0.07947635275171122
		],
		[
			0.09577988340438087,
			0.10027999649795957,
			0.03792416666935599,
			0.0377867406131448,
			0.010070339917747924,
			0.11294591628787368,
			0.03470209917806749,
			0.09327143126590998,
			0.11988262377543492,
			0.044673049922815206,
			0.12014218553799152,
			0.023442377112079204,
			0.06768999871641915,
			0.10140919110081971
		],
		[
			0.0794251562969175,
			0.06144880616314845,
			0.019968128398828996,
			0.13198816368290847,
			0.12917622277768867,
			0.012617326428473375,
			0.10759137536736589,
			0.03035438087351543,
			0.09557315311291903,
			0.10682358019698598,
			0.013326543875852984,
			0.0912060090064264,
			0.07380233017082524,
			0.04669882364814359
		],
		[
			0.1296844078191642,
			0.06581731401276435,
			0.011979879501317486,
			0.06798835091982854,
			0.09704543682176077,
			0.010881367546479866,
			0.08991069684745437,
			0.012317258177393061,
			0.07467902360868611,
			0.03976708394346754,
			0.1171540136159933,
			0.1237478359539853,
			0.10413135745031721,
			0.054895973781388004
		],
		[
			0.014279034933046207,
			0.04566029279628508,
			0.1527950565383466,
			0.017901512491157668,
			0.013796214709215165,
			0.04417983266722452,
			0.02501988154241325,
			0.10191592264576026,
			0.09927862561326728,
			0.16131129415590587,
			0.12267157469773833,
			0.01542537527636472,
			0.03105435717669841,
			0.15471102475657675
		],
		[
			0.08569557811903401,
			0.11300057495770713,
			0.11543481974997084,
			0.012519975474666658,
			0.07655283707046957,
			0.025582497120908106,
			0.10609069356919763,
			0.07400994130161735,
			0.019165888643757782,
			0.11417135580629283,
			0.06961210255038328,
			0.05886529622000059,
			0.017582013283536393,
			0.11171642613245795
		],
		[
			0.09473515526101765,
			0.10481462063129582,
			0.12037224191372713,
			0.03495797698852364,
			0.017622761812345924,
			0.037561643762272244,
			0.11631255340909771,
			0.07658075374109732,
			0.05931868959054371,
			0.014951708635328539,
			0.14115539776782485,
			0.10826950257918096,
			0.04642984077825969,
			0.02691715312948491
		],
		[
			0.029253349675277644,
			0.12294986567820333,
			0.08590726583460402,
			0.04707271745325426,
			0.03259201836738495,
			0.028593671673991853,
			0.13361358152296182,
			0.057949260649054264,
			0.12847777160612892,
			0.042494441214781735,
			0.13329037457614898,
			0.11321703612467582,
			0.025398168896309286,
			0.019190476727223245
		],
		[
			0.040291483670427716,
			0.015747362789296122,
			0.023438241052563143,
			0.07429627139545537,
			0.08423219773255256,
			0.03834508274668452,
			0.07977950105873413,
			0.02675078815768378,
			0.02207283626473814,
			0.17396504655243186,
			0.14744811969478472,
			0.17117491003519197,
			0.04088494821380486,
			0.06157321063565108
		],
		[
			0.11516304606795093,
			0.06159847902200668,
			0.09534031035052073,
			0.00953752463913718,
			0.04973669415355681,
			0.09076147790366673,
			0.03719180434055229,
			0.08816636982883616,
			0.09025156072119266,
			0.10047237473960552,
			0.11455892752933712,
			0.08895947466728456,
			0.01414002084310984,
			0.04412193519324287
		],
		[
			0.035425409515575296,
			0.047594636502361,
			0.14069114036640906,
			0.0554291613638568,
			0.016272404031818073,
			0.1192606611194152,
			0.04902382960267209,
			0.07727080827389313,
			0.14624711955176034,
			0.05420432935949048,
			0.015086399506235915,
			0.14234278407985937,
			0.07237641546801596,
			0.028774901258637416
		],
		[
			0.05961926352111228,
			0.07390760647473449,
			0.008738483347784095,
			0.13022566905926458,
			0.12086585267409591,
			0.022598379788403112,
			0.11544852871640181,
			0.04116291373892708,
			0.06471098920513876,
			0.04286031153500356,
			0.1343180216919381,
			0.03134615802946433,
			0.04978048480330328,
			0.1044173374144286
		],
		[
			0.04072126349665558,
			0.16064808072872122,
			0.07184834942036857,
			0.0692121880726027,
			0.01480031687412728,
			0.09435142245160658,
			0.04627665821339072,
			0.06049641049466602,
			0.12588063000654962,
			0.10148298330367324,
			0.09837953650537146,
			0.01705978949489328,
			0.02025521526416314,
			0.07858715567321062
		],
		[
			0.1250829090522569,
			0.03582700694185325,
			0.015428877881806729,
			0.11042418104734796,
			0.10515287029096074,
			0.11971016226774284,
			0.0415931167799362,
			0.0967679763077144,
			0.09536946091908732,
			0.02805170612084672,
			0.027839680325120686,
			0.12901937970089047,
			0.019140138625061233,
			0.05059253373937458
		],
		[
			0.009628177534374359,
			0.030987407857010124,
			0.013925147664798758,
			0.13761507828031114,
			0.10575240488978484,
			0.04190118487623735,
			0.09994439284848193,
			0.01595995669156033,
			0.019412149670445532,
			0.13449612167894248,
			0.0687324046245122,
			0.13531814263619352,
			0.09178516731887494,
			0.09454226342847238
		],
		[
			0.09489561668045346,
			0.09619582007104795,
			0.051390684420329694,
			0.031633813922687416,
			0.0570986673596435,
			0.11350533362000122,
			0.12224507982385743,
			0.11773761152895468,
			0.012703021177965809,
			0.041950237033359004,
			0.011975630352806672,
			0.07602081933463688,
			0.07689521501015346,
			0.0957524496641027
		],
		[
			0.07045330917149677,
			0.1524377373677448,
			0.014923285465314578,
			0.01642637797177604,
			0.022457515239924664,
			0.15505087782414462,
			0.11985586603292654,
			0.028117434546414036,
			0.044384845924350096,
			0.023310298191852652,
			0.1265546359226789,
			0.13491117881716244,
			0.03572466411542197,
			0.055391973408792025
		],
		[
			0.12006302858429425,
			0.07382681628953876,
			0.03584926944410556,
			0.037109901523084285,
			0.02917844951113913,
			0.06384260516468888,
			0.01200965184283789,
			0.14075224353590954,
			0.12975017338240752,
			0.1234981893946594,
			0.0339195861478951,
			0.0317409561560986,
			0.03978927333003984,
			0.12866985569330133
		],
		[
			0.018568279933712503,
			0.1223392870459633,
			0.056149766841277836,
			0.06381365170264898,
			0.021497539155160793,
			0.028642112247198735,
			0.013380189654633473,
			0.09483031187410544,
			0.08041520445611308,
			0.02788986310275943,
			0.11015947581411223,
			0.13587463566740643,
			0.1286106910454529,
			0.09782899145945494
		],
		[
			0.011075206718619517,
			0.12803864112795205,
			0.014661751089210738,
			0.03768983726801986,
			0.07698036754622263,
			0.07517365199906156,
			0.13315149279123908,
			0.01884371482183319,
			0.1082443102095387,
			0.042072552931796604,
			0.13076115716202868,
			0.04589851207895354,
			0.06551915598119866,
			0.11188964827432527
		],
		[
			0.021621249072305154,
			0.07176080397255476,
			0.05611490302850962,
			0.10379809711527035,
			0.12055964210020893,
			0.06999987831885743,
			0.05459239681115133,
			0.01196689377539223,
			0.08979914792542129,
			0.11223329719415676,
			0.10408904325422422,
			0.023008966136490994,
			0.03581349401686187,
			0.12464218727859527
		],
		[
			0.02652311299727298,
			0.050800485037151996,
			0.014705270576743004,
			0.11698625689754129,
			0.16358166568018817,
			0.049327003910829295,
			0.06687647948675109,
			0.10783508582202599,
			0.13014567005262276,
			0.0465625543229477,
			0.0629877448935918,
			0.01427589495340077,
			0.03811497417467131,
			0.11127780119426174
		],
		[
			0.01304233802658263,
			0.020391649805191286,
			0.017086541270360425,
			0.13383404928040207,
			0.06095532337368277,
			0.01906937428467674,
			0.06429745045264516,
			0.048855516972918935,
			0.15306368784328012,
			0.10096753869996072,
			0.12218684433988243,
			0.13775975880617172,
			0.03212246547364841,
			0.07636746137059668
		],
		[
			0.06739689949826443,
			0.05318945579301245,
			0.030317993115669947,
			0.08589621956018285,
			0.11134951982839485,
			0.027651994423341975,
			0.06275847445987451,
			0.1789603268949564,
			0.1810369199156622,
			0.06183251505009824,
			0.06303856178261585,
			0.025986427539297176,
			0.022394481071620932,
			0.02819021106700825
		],
		[
			0.14149111073769619,
			0.016761221918025704,
			0.10824260331148622,
			0.1410997877389673,
			0.14885438965358788,
			0.013451879735650422,
			0.06062657097024583,
			0.07688536351484175,
			0.07430157402306617,
			0.11703751390565208,
			0.032191255579037716,
			0.023118612195510143,
			0.03686190444521942,
			0.009076212271013165
		],
		[
			0.10965131457745018,
			0.10518638315782115,
			0.10690856166815244,
			0.010066549441078255,
			0.05328607582261788,
			0.09387307993483479,
			0.08377439305424021,
			0.07860446726312698,
			0.1104480372854165,
			0.009858155129418657,
			0.03942505930367645,
			0.011987727100988083,
			0.07981662184113994,
			0.10711357442003835
		],
		[
			0.11362838553455804,
			0.02290978243552618,
			0.011796502002175548,
			0.09878514931602791,
			0.10824218675033016,
			0.10363131535280189,
			0.03800017725817527,
			0.10353812609972136,
			0.11371355139876016,
			0.10757897223238783,
			0.010771399561319537,
			0.03343035629144561,
			0.04988319164370585,
			0.08409090412306466
		],
		[
			0.10582202405034614,
			0.05441775682925956,
			0.015235878756836492,
			0.01824419839170876,
			0.1223255606991613,
			0.034746519601357426,
			0.06912456132377895,
			0.03159842006133646,
			0.04864500423063846,
			0.07259044982087705,
			0.07592871052744483,
			0.14364187000029885,
			0.12647540407392277,
			0.08120364163303305
		],
		[
			0.12024094954956147,
			0.016191102676925254,
			0.03880903578844686,
			0.10807866336817389,
			0.027256607573965565,
			0.062404455774298234,
			0.1295114064942882,
			0.0249232632062906,
			0.06637076352859674,
			0.13161223893154364,
			0.09407862709210398,
			0.07340199666605396,
			0.029672012783556623,
			0.07744887656619494
		],
		[
			0.08381157059535538,
			0.041663052753098735,
			0.046165821123304404,
			0.018636979613159164,
			0.012007932298622386,
			0.030170568701078287,
			0.10064463416544747,
			0.114785318731029,
			0.1341588161767607,
			0.053551282103663285,
			0.01931717105777833,
			0.10322822186489013,
			0.13866266876666808,
			0.10319596204914472
		],
		[
			0.09369354077411804,
			0.06240033400383245,
			0.01170134627863724,
			0.011051114707219591,
			0.10063117847271813,
			0.013958985519159927,
			0.10494432959492618,
			0.04421337894663254,
			0.10935554262678922,
			0.09681678797021274,
			0.09790943944826118,
			0.095413406266226,
			0.09453721824775563,
			0.06337339714351115
		],
		[
			0.05843612896678943,
			0.1255370513129243,
			0.1334331630218952,
			0.09719432509028145,
			0.01955353663614219,
			0.02377704125886512,
			0.04074431630684587,
			0.06766921386073407,
			0.07519537847837819,
			0.022674768503071447,
			0.02787304284876508,
			0.0744007897827072,
			0.10678270688218983,
			0.12672853705041068
		],
		[
			0.033926161739862806,
			0.03392761461863254,
			0.03303157799589001,
			0.03677451623679032,
			0.11466400746362045,
			0.03043565066134159,
			0.03604763672617015,
			0.10490707414785433,
			0.1029600310388298,
			0.11906891417914814,
			0.11986839102649453,
			0.029543002918788717,
			0.1118644891779602,
			0.0929809320686165
		],
		[
			0.10967110979742418,
			0.03864897020930661,
			0.029415177437757654,
			0.06113404203801778,
			0.08687495322255048,
			0.00833164242133596,
			0.037275640637436394,
			0.1158496056453335,
			0.09163324498709562,
			0.025506178509414654,
			0.0833353256105041,
			0.10659449669658934,
			0.10591545896912427,
			0.09981415381810947
		],
		[
			0.012205663649862449,
			0.03967298768349277,
			0.04989252527052885,
			0.1075210975625749,
			0.11763231464005439,
			0.024610306159345507,
			0.07603320137823112,
			0.09547554707220365,
			0.047333776263787104,
			0.13298571339045245,
			0.10642197854763073,
			0.0380827691540853,
			0.13320767791774588,
			0.018924441310005043
		],
		[
			0.14547050119100446,
			0.04657836102156232,
			0.020462644274892593,
			0.13172656344478859,
			0.07692048240671909,
			0.007173396441033205,
			0.12906961217078297,
			0.0834793515787301,
			0.08621171213580946,
			0.05074356087344362,
			0.004234038255580712,
			0.13289922101426865,
			0.06409679612741648,
			0.020933759063967917
		],
		[
			0.01856563720269469,
			0.1218288768078407,
			0.029101853283618726,
			0.03982928408517662,
			0.04312587800850571,
			0.017448749119177254,
			0.08770290022198292,
			0.030280119935994453,
			0.04649274353872526,
			0.10424655752313033,
			0.0245068081377685,
			0.06717353870999127,
			0.18791502040343583,
			0.18178203302195764
		],
		[
			0.012066628029405663,
			0.0466503184218625,
			0.037017485722039147,
			0.09160223511423861,
			0.12692198286669995,
			0.01946534450016856,
			0.06993508103267278,
			0.11305755202499593,
			0.05817136061354773,
			0.0520253426486379,
			0.09421569400834649,
			0.1278533952886908,
			0.10849269226707993,
			0.04252488746161393
		],
		[
			0.008149129262329712,
			0.007755342613314171,
			0.07818657466033618,
			0.017865819131419176,
			0.13462727456765494,
			0.01739898720950501,
			0.11141802911833704,
			0.12435173923997839,
			0.07911017934545957,
			0.007657661323316218,
			0.01876987174162899,
			0.1344098945900654,
			0.13339328183743596,
			0.12690621535921923
		],
		[
			0.12232861852776489,
			0.0168705585318825,
			0.1053750417594221,
			0.1012541201391275,
			0.13840723018837583,
			0.012641895521432573,
			0.0206521686181999,
			0.03680269701243783,
			0.14766228741375673,
			0.10197833401957199,
			0.017407004427844607,
			0.0742007673783417,
			0.018926151963944596,
			0.08549312449789737
		],
		[
			0.026080235244896843,
			0.05515894010312601,
			0.12987779064965,
			0.016491853471524064,
			0.01805463060293556,
			0.024275945791361338,
			0.10968469099954205,
			0.05540286519010429,
			0.021478744434420927,
			0.1527757630160385,
			0.15130717654787398,
			0.1497869700778226,
			0.056734119686804155,
			0.0328902741838998
		],
		[
			0.0933873466044113,
			0.021248122430690193,
			0.09413203323572891,
			0.10051466406004932,
			0.04553141766873416,
			0.02831472562637178,
			0.1076710070956174,
			0.04624900189364145,
			0.08564677159196177,
			0.08592980722156868,
			0.11900947734765206,
			0.01329607702859584,
			0.120339975332264,
			0.03872957286271325
		],
		[
			0.086876123130534,
			0.018639742932887282,
			0.01242538358711128,
			0.09033076081144341,
			0.09987570662757567,
			0.012056428769962615,
			0.1121302018554874,
			0.11106263309812932,
			0.09526788612130234,
			0.1000757445883639,
			0.024467670394219765,
			0.10380279986397704,
			0.05343136301246164,
			0.07955755520654445
		],
		[
			0.025524639505515707,
			0.11346816021541749,
			0.09307515259853184,
			0.06628850157303505,
			0.038449155210357994,
			0.024890074391466874,
			0.10565909377984804,
			0.12878322401320688,
			0.09145086068690483,
			0.06359310688363623,
			0.020977420220920105,
			0.1254255256863617,
			0.056581981971801726,
			0.045833103262995556
		],
		[
			0.10022778753323529,
			0.09367598944094911,
			0.09670507069444585,
			0.009631886635334432,
			0.05871870274693223,
			0.08794812855843646,
			0.08982061947359722,
			0.02354923415358398,
			0.07157435971775639,
			0.108939256235007,
			0.05229429578722619,
			0.044002405933665716,
			0.06170520295872617,
			0.10120706013110403
		],
		[
			0.025650993522582308,
			0.0178586499779266,
			0.023013949943767376,
			0.06263281587905666,
			0.10539068630147927,
			0.0361191832731205,
			0.03896781475552895,
			0.0197445360956541,
			0.15718277646659928,
			0.15598994470803046,
			0.0932984863463558,
			0.09804274132416665,
			0.04671209663772357,
			0.11939532476800849
		],
		[
			0.12162475828137224,
			0.1229318429257023,
			0.12497233350855762,
			0.03116450997840595,
			0.027817365593434597,
			0.10355738351481573,
			0.1288082013273073,
			0.014538094787597126,
			0.10547756295608371,
			0.08541658360022213,
			0.03744887998990076,
			0.024559123377775976,
			0.034631838537401614,
			0.03705152162142281
		],
		[
			0.08806100161198543,
			0.03567761925151135,
			0.08912344420751923,
			0.0929598096406771,
			0.10319448120466057,
			0.013500193227382705,
			0.07265793819982994,
			0.036118054764598014,
			0.09681345495490143,
			0.09555831457059613,
			0.010028499049453247,
			0.09192668304051121,
			0.07952171877016144,
			0.09485878750621232
		],
		[
			0.04535486830516358,
			0.04112469789427583,
			0.025769167503769144,
			0.04019536262383186,
			0.1606894200980017,
			0.0696697682470763,
			0.018672425234121135,
			0.07338270603563911,
			0.1700768160194512,
			0.019996359059790587,
			0.017410780374319965,
			0.10414745475468355,
			0.06424389669597934,
			0.14926627715389673
		],
		[
			0.13183378734853768,
			0.07565640102017135,
			0.04145019265482666,
			0.07773393234017055,
			0.13290140226723793,
			0.014357179995327558,
			0.12661381069160405,
			0.05664976178312293,
			0.01437379729967358,
			0.11415103545262337,
			0.07162107814222876,
			0.042342617559441124,
			0.049598944396970907,
			0.05071605904806366
		],
		[
			0.09236552705523064,
			0.014645847573258656,
			0.025069162659544827,
			0.12413263830832258,
			0.10079374572925297,
			0.0187428259653995,
			0.12783634684500317,
			0.029022578904339447,
			0.060607497808878266,
			0.052216008947378593,
			0.1214383713712343,
			0.08245634135842539,
			0.0373356074259509,
			0.11333750004778081
		],
		[
			0.01101203090474337,
			0.09780082264547794,
			0.10555266070870252,
			0.07219316519164169,
			0.07263013811012779,
			0.11296054900271724,
			0.0539253112859716,
			0.013488822626201066,
			0.1117425409123413,
			0.11501157572721755,
			0.026003374786723304,
			0.0819340300315944,
			0.09998567447786884,
			0.025759303588671352
		],
		[
			0.09508304627784518,
			0.05097994085222374,
			0.009027464550516501,
			0.10839059842382329,
			0.09967855526885255,
			0.016693463379814675,
			0.0947098882398841,
			0.0539847570517448,
			0.07323100564036075,
			0.1085387192037668,
			0.09399050395214283,
			0.0787576269628785,
			0.09379126539450054,
			0.023143164801645653
		],
		[
			0.11818431937994388,
			0.07018041107273085,
			0.014556547065637913,
			0.08120435052480532,
			0.12413884189900348,
			0.02883506368915514,
			0.08714427803882259,
			0.1024178658763639,
			0.07365574419848678,
			0.04472074450347717,
			0.02467791362370001,
			0.016656886638079064,
			0.11756845572393226,
			0.09605857776586171
		],
		[
			0.07991741320877294,
			0.12075739097527567,
			0.05472732535341327,
			0.029697929501241848,
			0.07661597695597597,
			0.034533044775843146,
			0.08333017648202576,
			0.09139793852781443,
			0.12025099230267505,
			0.04237087675953391,
			0.05931564111268546,
			0.060541791305977574,
			0.05189655139530432,
			0.09464695134346056
		],
		[
			0.04217823401352237,
			0.10768960658568102,
			0.010853313042501245,
			0.033047424328724005,
			0.05987495226059265,
			0.1106398208214972,
			0.06252634194622661,
			0.08395778314549805,
			0.037070340203553535,
			0.11689420715443263,
			0.09067490303052111,
			0.01648301339901432,
			0.1137530500257631,
			0.11435701004247227
		],
		[
			0.09202296147470736,
			0.010989765996136743,
			0.0071743545926104685,
			0.11140669931047702,
			0.11521598294543625,
			0.09314042182418394,
			0.08392076307204478,
			0.12843334713480253,
			0.06081595872306096,
			0.01504825735279339,
			0.05692012388580456,
			0.04543515269936904,
			0.08126018551603896,
			0.098216025472534
		],
		[
			0.09985980772391377,
			0.11902842806831632,
			0.06472570706206887,
			0.010447814377130823,
			0.015173900851572868,
			0.07692257576212573,
			0.0689295742156638,
			0.0924179434246884,
			0.044632947310442754,
			0.042945337186379426,
			0.09537622611197612,
			0.10058872347466584,
			0.09882253753364678,
			0.07012847689740849
		],
		[
			0.14963068831804005,
			0.14279075278353887,
			0.08499736909934819,
			0.017083526602908496,
			0.029506050758729613,
			0.13499057776416526,
			0.01690906640347601,
			0.12615514286171484,
			0.08174548976279342,
			0.05121321957143293,
			0.014979963327124368,
			0.07195471804173559,
			0.054739303266617335,
			0.0233041314383749
		],
		[
			0.05989914539651113,
			0.11174019864239122,
			0.09054925544564114,
			0.061361445805859595,
			0.038572554217532265,
			0.024367239558047073,
			0.11614296491312286,
			0.09061457847003271,
			0.09680538321101552,
			0.022350660259920916,
			0.12067754329460652,
			0.07329318841061633,
			0.023668701403209123,
			0.06995714097149364
		],
		[
			0.03592863648915712,
			0.11565875474249085,
			0.017988781344546553,
			0.01878504471245972,
			0.015510277783490865,
			0.174038196774759,
			0.13224854294732988,
			0.029901484384155092,
			0.03979936679550382,
			0.16763298605850777,
			0.16758526542130384,
			0.022479575229229023,
			0.03478138957233617,
			0.027661697744730394
		],
		[
			0.10196815932934529,
			0.09395351637731583,
			0.10837585070621843,
			0.03149060376165556,
			0.026379019103458346,
			0.10746559983356865,
			0.03966741551937376,
			0.0728291192965576,
			0.10305835716784109,
			0.07037790192020375,
			0.10668891660803395,
			0.09676504032938506,
			0.03135716803664044,
			0.009623332010402356
		],
		[
			0.01963137557502711,
			0.09702862184205337,
			0.049323929379579204,
			0.11976064629488228,
			0.09601061976984679,
			0.012112702463591772,
			0.08653574711283891,
			0.07850531340455855,
			0.03796563078809251,
			0.06776182406181443,
			0.10837823009034457,
			0.07999312092759006,
			0.028529813643441145,
			0.11846242464633935
		],
		[
			0.09526977596935314,
			0.011726566964821017,
			0.0987144077503347,
			0.07256919492509553,
			0.12808467279003732,
			0.01105089244105682,
			0.05392124772556002,
			0.10847912002684337,
			0.10745996192485417,
			0.022395811521539587,
			0.09491353463099673,
			0.0942681051772252,
			0.08959889530851924,
			0.011547812843763258
		],
		[
			0.05821227743294819,
			0.015056069974862888,
			0.024335136659708965,
			0.05193464007288961,
			0.06561214547531491,
			0.012472316792512775,
			0.1253897331113532,
			0.07827911416761199,
			0.12926753699319243,
			0.1158435169293583,
			0.10571366288489449,
			0.10357752564133901,
			0.029557449759043994,
			0.08474887410496924
		],
		[
			0.016359102609082382,
			0.10115652700682685,
			0.12320529162700099,
			0.01936496494259803,
			0.05439696155984815,
			0.11835304852505955,
			0.04920013798173931,
			0.13111149610098713,
			0.07766196208660935,
			0.030374618490233377,
			0.11680938574756443,
			0.01809836897427052,
			0.031347430403418926,
			0.11256070394476106
		],
		[
			0.11282463037842033,
			0.037986360729919906,
			0.060726300911500136,
			0.1176706463312609,
			0.12004437083321472,
			0.01782016313351792,
			0.10673192400769574,
			0.014342300771755578,
			0.10258045832642938,
			0.027640357425650085,
			0.12004170076741087,
			0.0772064138710991,
			0.05170038956460107,
			0.03268398294752425
		],
		[
			0.08436073088701547,
			0.02822015306913748,
			0.008816022872520913,
			0.07657727715175558,
			0.09035258933305275,
			0.01791192355794362,
			0.09652826216601483,
			0.10206862150536793,
			0.10116276775555647,
			0.08500365448834026,
			0.10411749955209874,
			0.10083340776283756,
			0.08263376907104202,
			0.021413320827316357
		],
		[
			0.12678642729615391,
			0.00784404010566579,
			0.02482182833353519,
			0.08777813902695669,
			0.057300429481987825,
			0.024205755295370925,
			0.010280051577035446,
			0.11924780476125985,
			0.11818514734106488,
			0.10081041467864632,
			0.0882294093864568,
			0.10212062291375544,
			0.119875493956551,
			0.012514435845559889
		],
		[
			0.14670590008891024,
			0.014760907746464613,
			0.03182433122380422,
			0.11166170405801051,
			0.1265405366001569,
			0.019727613527958782,
			0.0709637761497685,
			0.04783164495150808,
			0.0466616075513219,
			0.13263032686123935,
			0.14261418106067078,
			0.01595497231909925,
			0.02547198328810927,
			0.0666505145729777
		],
		[
			0.0928875510395247,
			0.12916100432160493,
			0.03116360468972111,
			0.030879518159731292,
			0.09122836827916807,
			0.13612270007637087,
			0.013048057870304941,
			0.11569519782575524,
			0.07808608685943967,
			0.09306880008699579,
			0.011704949564503962,
			0.014316291830301343,
			0.09766077874667341,
			0.06497709064990463
		],
		[
			0.0352989749618155,
			0.10860059783830026,
			0.10768752268450513,
			0.02657190113785783,
			0.038755060536913216,
			0.059618169012609724,
			0.06763844738796651,
			0.10816130893170202,
			0.0932659456648826,
			0.09948078924619976,
			0.06298666327331892,
			0.050728879136642445,
			0.09026332426824187,
			0.05094241591904419
		],
		[
			0.019087787073689265,
			0.12296239065313569,
			0.13917690045771688,
			0.02106166514916813,
			0.03069358190136397,
			0.029776633855006132,
			0.10448025288295502,
			0.0411001181369341,
			0.05250941433404118,
			0.04332420977302992,
			0.14230882174631432,
			0.03083962270514877,
			0.1036464509241677,
			0.11903215040732909
		],
		[
			0.038307953975952234,
			0.12433607735052514,
			0.03850103654211944,
			0.015664260318812358,
			0.025260950537587316,
			0.03726395400322369,
			0.08251517494737108,
			0.05717281931649144,
			0.056943924901979394,
			0.1213344890626942,
			0.11771500351630677,
			0.13694453240146798,
			0.01762497752180108,
			0.13041484560366776
		],
		[
			0.12517584834047651,
			0.06644770313175183,
			0.013679124233814144,
			0.12069482571381822,
			0.12389495226886309,
			0.019681830334154018,
			0.0238427386947468,
			0.12027362686325183,
			0.0919918808122976,
			0.08192307950336783,
			0.04036946798370879,
			0.10799470016257126,
			0.025462527284793618,
			0.0385676946723844
		],
		[
			0.03856037653716783,
			0.051094848541979127,
			0.02261256061254419,
			0.13927007397221547,
			0.029081968932082525,
			0.02828710028243632,
			0.11410894161378098,
			0.1422854401197545,
			0.019357783741595767,
			0.019269609138591166,
			0.11786932672078705,
			0.07468400145935555,
			0.1414816491168235,
			0.062036319210885996
		],
		[
			0.11011008293253151,
			0.016495423400520418,
			0.0718748266532376,
			0.11096018105690615,
			0.1387614937713869,
			0.03547895415033875,
			0.07876080202567035,
			0.142346394384498,
			0.019868720994888376,
			0.13306818880918483,
			0.04735115880219982,
			0.04826568951472597,
			0.014623531251629495,
			0.032034552252281884
		],
		[
			0.017005245526416208,
			0.15454027607633733,
			0.031055409731461554,
			0.019967977080627114,
			0.026594549762487315,
			0.057124166673938194,
			0.09854121346325041,
			0.027387787230750398,
			0.19232105160928992,
			0.030305468359070567,
			0.1696525919650326,
			0.07055141844365645,
			0.030946078590991914,
			0.07400676548668995
		],
		[
			0.06382291068748638,
			0.07439630242450383,
			0.027017350968709178,
			0.0861751059677021,
			0.13073061424867566,
			0.011475878046153543,
			0.08608158078351898,
			0.10971637753686968,
			0.11389293024860289,
			0.06962508414725836,
			0.013406806862083174,
			0.0676015656645933,
			0.018888693398106393,
			0.12716879901573655
		],
		[
			0.06859116790351522,
			0.014176262199452928,
			0.03591077713318719,
			0.08576466048919107,
			0.1312401249891772,
			0.051674765380535614,
			0.03158055433867206,
			0.09642076038523342,
			0.012873210987609907,
			0.12784029827795382,
			0.035828208863758496,
			0.09672650304815968,
			0.13118037779489347,
			0.08019232820866005
		],
		[
			0.0685211215770782,
			0.02189331999357976,
			0.021056997992790222,
			0.14063169019566282,
			0.06023112945604512,
			0.009070850791461369,
			0.10951213146842062,
			0.11532290429810063,
			0.14338164531145173,
			0.07514041274935897,
			0.11924865738486704,
			0.04242156965344552,
			0.021900828697529913,
			0.05166674043020796
		],
		[
			0.12376367923393412,
			0.14627249340852372,
			0.048678455280334265,
			0.034012437019790044,
			0.020557371835699077,
			0.07686725000593161,
			0.1461793106332259,
			0.14462136019297508,
			0.10358239036691463,
			0.02261035288623854,
			0.015693375204145814,
			0.07927050868738166,
			0.021248766438251198,
			0.016642248806654287
		],
		[
			0.04636089689323551,
			0.11812102437792216,
			0.09840093069514838,
			0.10692914377867836,
			0.07167514551110382,
			0.11406852869091191,
			0.07644699115963577,
			0.07396082727670122,
			0.01692604324177654,
			0.07370507963084413,
			0.05920689944113828,
			0.028931116127661517,
			0.09985020382630774,
			0.0154171693489347
		],
		[
			0.09645662077614764,
			0.09834910393127569,
			0.056403665369516034,
			0.0155960497177003,
			0.01949385997568368,
			0.09756407241464923,
			0.021732126115191663,
			0.07626181882053167,
			0.10254726766606162,
			0.0841077354376489,
			0.07369025638385865,
			0.08201517221443057,
			0.08618258577160241,
			0.08959966540570195
		]
	],
	"weights_mean": [
		0.07292497734044034,
		0.07153108726040502,
		0.05507082234825418,
		0.068103912094641,
		0.0768381088581964,
		0.05222907814882382,
		0.07966004245126967,
		0.07678282004166166,
		0.08330788507705987,
		0.07380329134737049,
		0.07971614657815626,
		0.07166102730687615,
		0.06674787369478168,
		0.07162292745206343
	],
	"weights_std": [
		0.04238194103952659,
		0.04453272147249446,
		0.04043204309523299,
		0.041162249317989216,
		0.04364019225391612,
		0.04114678944426786,
		0.03807230896587869,
		0.039990287857425824,
		0.042542466952207994,
		0.042737955263801496,
		0.04608801742888935,
		0.04256011591137559,
		0.04033911176525144,
		0.039780689388640315
	]
}
