{
	"training_mean": -0.12317073170731707,
	"training_std": 0.0807552835665527,
	"training_se": 0.00807552835665527,
	"test_mean": -0.255,
	"test_std": 0.17999399852820883,
	"test_se": 0.017999399852820883,
	"metric_names": [
		"width",
		"depth",
		"multi_qubit_gate_depth",
		"total_number_of_operations",
		"number_of_single_qubit_gates",
		"number_of_multi_qubit_gates",
		"number_of_measurement_operations",
		"single_qubit_gate_error",
		"multi_qubit_gate_error",
		"single_qubit_gate_time",
		"multi_qubit_gate_time",
		"readout_error",
		"t1",
		"t2"
	],
	"normalized_weights": [
		[
			0.09773916184217679,
			0.04614744764524848,
			0.0334541650635716,
			0.12495342380310978,
			0.11371932963509464,
			0.08306176181681105,
			0.022767689939563643,
			0.033599818568197555,
			0.09448385426368523,
			0.08383388963490554,
			0.12462675726683453,
			0.01590465605615927,
			0.037266794392790153,
			0.08844125007185166
		],
		[
			0.10980093545201357,
			0.11777564420403494,
			0.10202249395607828,
			0.040888301437063145,
			0.02191702107486384,
			0.07053453500895497,
			0.034939482580538646,
			0.07816461179787015,
			0.10565813470543066,
			0.05890606595742222,
			0.07998154646471878,
			0.025625255615219684,
			0.04045650674601915,
			0.11332946499977195
		],
		[
			0.11298899869649265,
			0.024661989239680486,
			0.01438156728445305,
			0.1474199976951016,
			0.059654911237999014,
			0.06418159742472503,
			0.02841135531048648,
			0.07732386167862554,
			0.09923156490344519,
			0.0849247463268231,
			0.048476910934507074,
			0.03379865468317506,
			0.061548711663771356,
			0.14299513292071436
		],
		[
			0.016514298992143902,
			0.08352948104465628,
			0.010085447113080287,
			0.04404493543286408,
			0.08732285691264949,
			0.013094586436485783,
			0.10131957542096239,
			0.09977547695391786,
			0.07444933321439717,
			0.10413305054336248,
			0.0727146778560628,
			0.09743952120788911,
			0.10746981472894303,
			0.08810694414258544
		],
		[
			0.10372068134687208,
			0.08443423372299277,
			0.08699968924556273,
			0.10113589708929999,
			0.10825846780947829,
			0.05839048302649688,
			0.019177006171375972,
			0.07854499665386447,
			0.08582514428985502,
			0.10598844850797928,
			0.009685910944842537,
			0.0826167815397225,
			0.00948585366432615,
			0.06573640598733127
		],
		[
			0.062179518115638883,
			0.022073026776644307,
			0.04880723164428097,
			0.10180134538825446,
			0.13566048989998913,
			0.07852209276156868,
			0.11842140057104522,
			0.014420689581751257,
			0.12649483782912854,
			0.06977411852704027,
			0.12178791513477283,
			0.056811271128423796,
			0.022359732705067532,
			0.020886329936394325
		],
		[
			0.10338804781285292,
			0.06439162119919642,
			0.02580024348734743,
			0.018201013793919772,
			0.023125596557065652,
			0.09237101526483199,
			0.08021553708601363,
			0.07524602582866755,
			0.0866009861185768,
			0.05381349508641267,
			0.10505569465545443,
			0.10628098279373231,
			0.06050988479979559,
			0.1049998555161329
		],
		[
			0.11591564328848146,
			0.06915443135682574,
			0.0436100342716613,
			0.010933625141658096,
			0.030352192988673855,
			0.1025208157632733,
			0.09360623811350484,
			0.0833704094640721,
			0.05632345801055171,
			0.0647519202346377,
			0.012526178936862708,
			0.11052044378332018,
			0.10382248077721278,
			0.10259212786926422
		],
		[
			0.01199346487435338,
			0.1254969657979031,
			0.0608898156654476,
			0.04881304881055826,
			0.026407268633748333,
			0.04810592315207208,
			0.06220604305483864,
			0.13313067792094505,
			0.03870500713954796,
			0.13091603147168082,
			0.01707011068608914,
			0.1362213036574626,
			0.1303188519353949,
			0.02972548719995827
		],
		[
			0.11575229402208577,
			0.03885373148371607,
			0.025080976159350222,
			0.125841150791217,
			0.10774977460175722,
			0.0670474763586624,
			0.11495556927725135,
			0.07793081867080386,
			0.018690499537278252,
			0.1043451656117146,
			0.04049923537744583,
			0.10159964143697424,
			0.039498295687046915,
			0.022155370984696426
		],
		[
			0.09509154886697786,
			0.06125460357601327,
			0.0289291205735146,
			0.046964657467184714,
			0.07980489272712586,
			0.02431487211698571,
			0.08157732021565943,
			0.08636830622509913,
			0.014338389031947096,
			0.10642421258184827,
			0.10393210160522012,
			0.10592441147193274,
			0.10284231148871795,
			0.06223325205177329
		],
		[
			0.19645737789747444,
			0.05500293254653533,
			0.19809398112815438,
			0.03457002270002646,
			0.03244737485848941,
			0.11371354736195119,
			0.027717059267089783,
			0.01840988460229226,
			0.02663149681478934,
			0.03623801767596973,
			0.14995920906670826,
			0.05395620153029632,
			0.020720892646561254,
			0.03608200190366187
		],
		[
			0.10638926710785535,
			0.011755646103072195,
			0.010862196983945485,
			0.11190328236175527,
			0.09204734232874268,
			0.03580099595801335,
			0.043911369779969,
			0.11399647251982516,
			0.09850396213590791,
			0.11308826686483749,
			0.05177694806827962,
			0.1113713755795425,
			0.06393691356084738,
			0.03465596064740671
		],
		[
			0.13270177873878009,
			0.0274436041044782,
			0.08285968427317199,
			0.012265817204221598,
			0.01686558990828954,
			0.13456915747223816,
			0.1119514390810139,
			0.13580941267701546,
			0.13561821163812382,
			0.024623217887872157,
			0.11090123220655357,
			0.02068495657788362,
			0.028141499029377993,
			0.02556439920097991
		],
		[
			0.11556277779847118,
			0.06877740418582032,
			0.015459929212111433,
			0.12055865060184948,
			0.08586164473038788,
			0.04532834788287658,
			0.025110686084470726,
			0.015341650589226355,
			0.12037112437346009,
			0.02862749781393078,
			0.07590196652819657,
			0.05784669439011172,
			0.1189256320831837,
			0.10632599372590328
		],
		[
			0.04992387514271946,
			0.01825334316911462,
			0.09269492216831926,
			0.09483459174303376,
			0.12828858751975125,
			0.09898789735108644,
			0.10206256840656992,
			0.033810374912044944,
			0.11516749781877812,
			0.01841559140148952,
			0.07015001423947517,
			0.017542928861561443,
			0.1292262813238799,
			0.03064152594217601
		],
		[
			0.07313516696016034,
			0.03861068892797016,
			0.10269630652454484,
			0.11835598023193093,
			0.1460988803505999,
			0.02439474623986476,
			0.06128132475689063,
			0.08498948757620188,
			0.016925071265409666,
			0.0328627289490402,
			0.11112619833693532,
			0.12889993208486802,
			0.027640447908054436,
			0.03298303988752908
		],
		[
			0.07607007878682129,
			0.08236749449985073,
			0.035128261656540545,
			0.07857988845745448,
			0.09962681248251894,
			0.03421627176320802,
			0.08605985977687361,
			0.03874726079634291,
			0.047114940421159525,
			0.09801709828808475,
			0.06147441722622173,
			0.07590026515367655,
			0.09972480056057528,
			0.08697255013067154
		],
		[
			0.10426723872947506,
			0.11097533846344612,
			0.1105700995889399,
			0.05346505136709628,
			0.03299069034606841,
			0.08301545050544196,
			0.01598158764151985,
			0.03770333175459119,
			0.10907680125138901,
			0.11328025179459762,
			0.0461161863722448,
			0.031110288827948827,
			0.07547729766751686,
			0.0759703856897242
		],
		[
			0.09454900608612744,
			0.06016744299795963,
			0.03536769102484316,
			0.0870546745925071,
			0.10277289787043795,
			0.03474052128812732,
			0.07808412463925635,
			0.05423901185846672,
			0.0911305982480541,
			0.052951188130281795,
			0.02663816455790291,
			0.08917182111322165,
			0.09597393578195189,
			0.09715892181086197
		],
		[
			0.07777866973694163,
			0.05486548162705568,
			0.12895838409968055,
			0.04120996270657769,
			0.03249161770317417,
			0.03042115699857775,
			0.053616351045744595,
			0.026729404550477533,
			0.10074459028704993,
			0.12627613790566453,
			0.03996562276747116,
			0.11634252051823514,
			0.08446961991207351,
			0.08613048014127597
		],
		[
			0.05785537891466212,
			0.027324468577990365,
			0.09446287149365185,
			0.11686268628624139,
			0.04829255504731121,
			0.06649744429318423,
			0.0708017244412527,
			0.08004555521194162,
			0.1106292075908544,
			0.06270348984796559,
			0.09834451216411134,
			0.07082399875532351,
			0.07748635848329267,
			0.01786974889221702
		],
		[
			0.03968838429568632,
			0.0673452894199808,
			0.057076747332005934,
			0.1773607211227944,
			0.0487466359279588,
			0.02845732187379495,
			0.033313454223579064,
			0.025394696558916557,
			0.05259439531315796,
			0.17806093604796666,
			0.015143901430442527,
			0.03538414734500238,
			0.12580759976638764,
			0.11562576934232593
		],
		[
			0.012937543081825646,
			0.04314723595017088,
			0.040709583407398865,
			0.09622326816153425,
			0.11897260334062122,
			0.054836131501470896,
			0.027163653983465257,
			0.10558557072372492,
			0.08964139879956358,
			0.10279539925827619,
			0.044302528008285796,
			0.09801248545083158,
			0.06955044743700158,
			0.09612215089582932
		],
		[
			0.03719986676667185,
			0.021177040178055263,
			0.019620452504878125,
			0.13446526121830588,
			0.08454553060376326,
			0.047131814498819556,
			0.05154972609089183,
			0.05084556951594134,
			0.11478050203790409,
			0.12235560397833957,
			0.10169602932139216,
			0.02380131804418423,
			0.11803284664671734,
			0.07279843859413564
		],
		[
			0.033691789843668336,
			0.014932071298072676,
			0.0386049276444235,
			0.16486781144008944,
			0.08909383935045369,
			0.043011519586732425,
			0.13095355181331156,
			0.055607453431695826,
			0.1710435021927072,
			0.034503616205679336,
			0.028298076820851923,
			0.045874246194320935,
			0.04242547137246695,
			0.10709212280552624
		],
		[
			0.04110653961284865,
			0.125786079133674,
			0.015313518276291604,
			0.07515580200329283,
			0.14500848986747436,
			0.04273047074733556,
			0.03738098502823837,
			0.1469310931470545,
			0.013569467459980345,
			0.023865013227112472,
			0.121974234303969,
			0.023969739591545844,
			0.1298122777260339,
			0.057396289875148346
		],
		[
			0.08709353969549233,
			0.1753293737131493,
			0.07896036052347921,
			0.018903890383601258,
			0.05471255771082222,
			0.019041466323685103,
			0.08590805599010737,
			0.08130103424868565,
			0.06055581737668423,
			0.02520781825935502,
			0.015742751645470874,
			0.1749817914286076,
			0.09692657336908145,
			0.02533496933177836
		],
		[
			0.08878933035338682,
			0.12973146469834074,
			0.024444175676527232,
			0.017586313794771883,
			0.0306692337913077,
			0.024640847676459403,
			0.1348106100994521,
			0.024315959279873317,
			0.020629965729938745,
			0.046220745114382046,
			0.13663250165057214,
			0.14130824973352113,
			0.1238799545961848,
			0.056340647805282
		],
		[
			0.03088805903589759,
			0.014541181794167522,
			0.03749729045064026,
			0.10078885184054956,
			0.08431603316707097,
			0.032074389309025446,
			0.07117563274809306,
			0.01796643389112696,
			0.14602008558420265,
			0.01670276138583465,
			0.01906388331681394,
			0.14136448694848347,
			0.14869492352046662,
			0.13890598700762738
		],
		[
			0.08862368248564934,
			0.12620005097115827,
			0.11977509469883327,
			0.0313795619449304,
			0.06499954026524947,
			0.020424901306739896,
			0.06726282503765779,
			0.03201795495175865,
			0.0754827847946424,
			0.012673076545198475,
			0.11888367872226543,
			0.09156077320080026,
			0.025266974556576786,
			0.1254491005185396
		],
		[
			0.03602948253126508,
			0.11322305780638124,
			0.024354068780478574,
			0.1120221055004309,
			0.14006781189161124,
			0.028107185709429213,
			0.012108331423035136,
			0.07003687596915373,
			0.050581189787552265,
			0.13679013466706147,
			0.10288956816024869,
			0.013951335316274602,
			0.02572026175712783,
			0.13411859069995016
		],
		[
			0.12299551635243958,
			0.03633059123534861,
			0.046642074426306204,
			0.03826999631789038,
			0.12376314360701089,
			0.10500925134859508,
			0.05653913354592243,
			0.04924573014306059,
			0.10289878409540747,
			0.020809383865749348,
			0.11201540019096118,
			0.05488849794205455,
			0.11609450338015441,
			0.014497993549099085
		],
		[
			0.03454468173268803,
			0.12255204916680035,
			0.12151058332082064,
			0.09485415247261351,
			0.05277855610016812,
			0.010214715156271474,
			0.06789854770935348,
			0.1208753582231154,
			0.03417788260082058,
			0.11706614245103783,
			0.020858384425252924,
			0.05635399237023025,
			0.03353587078282365,
			0.11277908348800365
		],
		[
			0.13329892388356138,
			0.1235135359328263,
			0.012239484778266954,
			0.019018278014307385,
			0.105246291494999,
			0.032242980154467527,
			0.03353484262126826,
			0.03388135223883667,
			0.014705444260978603,
			0.09820556377653522,
			0.13198141128970306,
			0.10439838231201481,
			0.026231334415541686,
			0.13150217482669302
		],
		[
			0.03663434786654191,
			0.017655585746213787,
			0.04459291049099967,
			0.1277676040350438,
			0.0945158741641413,
			0.09466906706597893,
			0.1155653380789572,
			0.13303523332865438,
			0.08001676921046161,
			0.08112247597202384,
			0.03650912513177104,
			0.09992572727581879,
			0.014876417305896124,
			0.02311352432749768
		],
		[
			0.09525525268245477,
			0.06791111481240955,
			0.08891917776938602,
			0.08892861973189146,
			0.13770891874020666,
			0.043644099553126134,
			0.019709190348351044,
			0.08513171021249408,
			0.03126303299944046,
			0.04102858330309237,
			0.1000483874897228,
			0.07694048970266062,
			0.05588431731706366,
			0.0676271053377002
		],
		[
			0.1388919107475727,
			0.06201215892418448,
			0.014484712351297722,
			0.14566729284899518,
			0.14544185659462167,
			0.018541367810362877,
			0.05966030952893888,
			0.05003980978263044,
			0.0206407738268278,
			0.12481376023776987,
			0.14932497733855005,
			0.015286943404752429,
			0.039685479651771036,
			0.015508646951724778
		],
		[
			0.025683735589481938,
			0.05650845792503015,
			0.07699441076956119,
			0.027526687531699005,
			0.11610504388785453,
			0.022232797221297295,
			0.017836988252091377,
			0.02882603111540926,
			0.10376471727454119,
			0.028089132094565192,
			0.16569252928195705,
			0.13689567937034236,
			0.17139618126642348,
			0.02244760841974611
		],
		[
			0.02829483334883143,
			0.052858812126577615,
			0.016283233947827755,
			0.09074467101266818,
			0.058542954715036136,
			0.06776598374623168,
			0.07484210380517818,
			0.12196357169744637,
			0.09059087716926424,
			0.1273130568518466,
			0.018879038847790946,
			0.15200585358120647,
			0.07901915051997668,
			0.020895858630117815
		],
		[
			0.027433683869597922,
			0.01271489727985591,
			0.020350986597606546,
			0.06926336366564353,
			0.030969309561791985,
			0.016308218081591226,
			0.14081338098103943,
			0.06706668307652984,
			0.14178489131678887,
			0.14034801648534373,
			0.1134045727951407,
			0.02109455075377349,
			0.05438310322414242,
			0.14406434231115434
		],
		[
			0.050670097687576854,
			0.10994154417066189,
			0.07006739149143848,
			0.07663197727990434,
			0.12105949469860033,
			0.015993709923416647,
			0.016121450127017423,
			0.07333442610396727,
			0.026038013755726015,
			0.09207556956241934,
			0.10069039435659638,
			0.09530711203032666,
			0.02796072297443387,
			0.1241080958379144
		],
		[
			0.09463281102636042,
			0.04820308571056152,
			0.02769023468261648,
			0.10048262692350482,
			0.0806089153626575,
			0.0338765973358649,
			0.04805489870149631,
			0.09132275937472291,
			0.11926312931089976,
			0.02566610422528493,
			0.09150059020466171,
			0.04050171328700926,
			0.11377640630229939,
			0.08442012755206012
		],
		[
			0.07397146979462463,
			0.024277025285516028,
			0.023125441661498276,
			0.1426203507021983,
			0.09976601061138236,
			0.07414546852046393,
			0.06719377592007306,
			0.013378834204220204,
			0.08206084693378306,
			0.1435812371241073,
			0.06974414697533891,
			0.13414370979601697,
			0.015036480964572687,
			0.03695520150620431
		],
		[
			0.09960102224840911,
			0.011863319363264777,
			0.08681442122888644,
			0.12778668482057762,
			0.10607660027483842,
			0.03367617395370406,
			0.06908928377336378,
			0.12190494661305185,
			0.05049510748212121,
			0.12840650292416722,
			0.03129900495228952,
			0.08303142471947345,
			0.015267340344175215,
			0.034688167301677356
		],
		[
			0.07904699865723663,
			0.09265605437796344,
			0.06647084561805341,
			0.07081946480111367,
			0.0754572526859053,
			0.02630856916495648,
			0.08574252660088243,
			0.08589138875877562,
			0.09150220071685644,
			0.09511565157760737,
			0.08397938705605552,
			0.04559942947287802,
			0.009614490054921683,
			0.09179574045679395
		],
		[
			0.028902609908490404,
			0.14526044178081934,
			0.11288424620715294,
			0.01699514229623684,
			0.040870743346416695,
			0.03772697692930902,
			0.15231461805291419,
			0.1259696728923367,
			0.04953390956950755,
			0.03458614077057805,
			0.024104282407156702,
			0.11542240023595657,
			0.04144376921911213,
			0.07398504638401285
		],
		[
			0.03610881758345453,
			0.19036457886702568,
			0.04623113925451476,
			0.11948160963955283,
			0.043383165918113406,
			0.08315869852210137,
			0.05148345373054901,
			0.08641015014018322,
			0.040414639159753726,
			0.020175395136549416,
			0.1891036937756247,
			0.01818094439566519,
			0.04864026451293846,
			0.026863449363973523
		],
		[
			0.14000160708450432,
			0.1453025010081357,
			0.08127030030673874,
			0.08802143593903904,
			0.10050177983807405,
			0.04585827099284555,
			0.06420404119556508,
			0.049372974478064165,
			0.07798300391696365,
			0.13522605318739028,
			0.016196231665606083,
			0.013005069104169266,
			0.020745119138227148,
			0.022311612144677077
		],
		[
			0.1307732530352138,
			0.11884236633516905,
			0.028898164339019018,
			0.015541699159937517,
			0.013318678745697563,
			0.1282491887391068,
			0.09738974517656032,
			0.10723940793942047,
			0.029832993867860317,
			0.12919600435253661,
			0.01369881677328585,
			0.01803466530359997,
			0.04765193762641447,
			0.12133307860617806
		],
		[
			0.04392369685790977,
			0.08459275355811678,
			0.1264522516621695,
			0.02340231477094648,
			0.05687522926045269,
			0.08191581871643709,
			0.028270087081767523,
			0.025153733028178568,
			0.11672786852593764,
			0.1325681412252216,
			0.05917754342936026,
			0.08202384163588433,
			0.026189828425812533,
			0.11272689182180533
		],
		[
			0.017849043631128932,
			0.09957787381935697,
			0.11776423712655383,
			0.023634900480349174,
			0.07507484637803033,
			0.062827794726196,
			0.110051553934478,
			0.12790765969066104,
			0.04154002349040845,
			0.13314139296362484,
			0.01976856363574427,
			0.021144779730295445,
			0.09353026270271679,
			0.05618706769045605
		],
		[
			0.03537712019947249,
			0.08849240627477102,
			0.05626916071697283,
			0.0994567254549161,
			0.12116466171211526,
			0.0168006368809596,
			0.12191346322542723,
			0.05210644088864519,
			0.02785497698675161,
			0.12425811145634696,
			0.0913297794491868,
			0.035938274011704324,
			0.08728397527988487,
			0.04175426746284576
		],
		[
			0.09633313319943757,
			0.1056642323096888,
			0.10987299818599969,
			0.02410443090265658,
			0.03104781850313205,
			0.024362961854629855,
			0.04606851260702393,
			0.12580498861851958,
			0.15764302217949672,
			0.0815683020194906,
			0.054968684153453636,
			0.04769956139735397,
			0.07994098976990342,
			0.014920364299213831
		],
		[
			0.108204320464609,
			0.017017636740988166,
			0.04707001322289296,
			0.03497706143882124,
			0.13101255226984754,
			0.016868424012311898,
			0.12975263186224165,
			0.10657959592429393,
			0.11083101385736245,
			0.019521900656522043,
			0.07412321078487887,
			0.1324012623460111,
			0.04717924948854129,
			0.024461126930677885
		],
		[
			0.032956882899185205,
			0.016779488209957553,
			0.012662397965531902,
			0.11484814792845051,
			0.08228548888007642,
			0.06673311686106931,
			0.06391530338097202,
			0.05044067856768259,
			0.014746903055918756,
			0.10720236600760767,
			0.11181618535682124,
			0.11625147385457503,
			0.11354380320344759,
			0.09581776382870422
		],
		[
			0.02260704325305499,
			0.032566584952029326,
			0.019957288621715346,
			0.08812471324262203,
			0.12479349921908829,
			0.1148401801047208,
			0.028989778833981267,
			0.08494287522146181,
			0.11677720594032198,
			0.03623463468703213,
			0.011780697222962096,
			0.09896019456982894,
			0.11177055300496411,
			0.10765475112621685
		],
		[
			0.1153725099682609,
			0.07082243795490578,
			0.04922357849919886,
			0.09724337967685885,
			0.10306235945979592,
			0.02754747060625841,
			0.11734320018901935,
			0.04306445697120017,
			0.12948318268117506,
			0.08284925301328727,
			0.11422465003162707,
			0.0138399578013201,
			0.01756172364011464,
			0.018361839506977597
		],
		[
			0.04998296267104463,
			0.10332186481625211,
			0.03918421640230122,
			0.07958698898566066,
			0.025532681063538804,
			0.013056980657255489,
			0.09622271578642937,
			0.11522728226379762,
			0.013692525251556027,
			0.0109188538499441,
			0.10671035984287061,
			0.10653378084718908,
			0.12157141951407018,
			0.11845736804809023
		],
		[
			0.02075158272626417,
			0.024407268488128988,
			0.08679693236246007,
			0.10188766425979427,
			0.10279819231292074,
			0.041522397773199535,
			0.057370165696368026,
			0.11119655951239998,
			0.09425245715627693,
			0.021908326573638757,
			0.11556225624044428,
			0.07307425789700549,
			0.02964930811825562,
			0.11882263088284327
		],
		[
			0.023179109007100896,
			0.09592131773722033,
			0.04327117035399782,
			0.07185342249378722,
			0.11482767870343388,
			0.01608495306646699,
			0.040522300975349486,
			0.07013876210002397,
			0.11323233663361201,
			0.1321775383115867,
			0.05353090605724676,
			0.01810082327202867,
			0.08383640915011376,
			0.12332327213803136
		],
		[
			0.08854636363955212,
			0.03570913886138184,
			0.012584372924300233,
			0.10890903717344926,
			0.11238807882777976,
			0.03464476605407159,
			0.09470694841156384,
			0.0875271776142873,
			0.06952218994746957,
			0.09196055773933295,
			0.1150691222318066,
			0.04688127505935808,
			0.08477468884633206,
			0.016776282669314743
		],
		[
			0.013775711110023584,
			0.14367158765001686,
			0.013749831766303316,
			0.10683608563975083,
			0.14630229513584708,
			0.013047790351072926,
			0.14301629045407235,
			0.013220802842012602,
			0.019616439674111714,
			0.02602564948582149,
			0.11767842562007762,
			0.11028134024961417,
			0.04161896801559517,
			0.09115878200568035
		],
		[
			0.03818472523575065,
			0.1706884636519765,
			0.05717903177973293,
			0.05993492218614462,
			0.02180289319469917,
			0.03605310425753281,
			0.04901033866037439,
			0.07918494944189167,
			0.05418647777746716,
			0.17799341591921383,
			0.02703400164155811,
			0.13567662562856359,
			0.02604392118323242,
			0.06702712944186225
		],
		[
			0.024426301443390298,
			0.10683817722251793,
			0.12277436728235722,
			0.017868582901487844,
			0.03074991854243972,
			0.09314022984897194,
			0.1054687059290913,
			0.1218058225767936,
			0.10241909901572689,
			0.011641187489272873,
			0.06791216765772408,
			0.05014604489627425,
			0.09551532679177845,
			0.04929406840217338
		],
		[
			0.06616410943575257,
			0.03269187294013096,
			0.017981669337270374,
			0.12247435775323637,
			0.12018705031046621,
			0.10085884080836201,
			0.08552691114225003,
			0.045610932391057776,
			0.013354533980592526,
			0.11394424592308151,
			0.09798088186753035,
			0.12202744301774503,
			0.013293747915594028,
			0.04790340317693011
		],
		[
			0.08997235809624077,
			0.06556653978813604,
			0.06056919854817059,
			0.030746885822679083,
			0.09652067232093596,
			0.028463778425956737,
			0.022326299585742324,
			0.022404843093323797,
			0.100571285217633,
			0.1209734238699506,
			0.024733249708083455,
			0.11645060967242601,
			0.11529796025803712,
			0.10540289559268455
		],
		[
			0.10592387010170343,
			0.03562455146118407,
			0.07530728752305761,
			0.012086606590076982,
			0.01266042333499883,
			0.021941922482494047,
			0.10896112859871024,
			0.10085345019473725,
			0.11877757902959923,
			0.12537212946273732,
			0.01530301773779986,
			0.11770149193026361,
			0.0749383000202255,
			0.074548241532412
		],
		[
			0.12137254725257393,
			0.08944448991827832,
			0.0398714474507746,
			0.1296905265291197,
			0.13626161409441906,
			0.02971699047608735,
			0.026389066035543578,
			0.07736099793278134,
			0.012477952425308608,
			0.14130315395762247,
			0.12162041836336061,
			0.02192097297884739,
			0.038148286102746454,
			0.014421536482536513
		],
		[
			0.09484899564414585,
			0.02295286034884168,
			0.022224316982003924,
			0.10616189384723973,
			0.0838104173782626,
			0.02787518445861357,
			0.12293010474160904,
			0.154441888638817,
			0.14602815214781667,
			0.05289249503970041,
			0.02934581487174853,
			0.026962967683348115,
			0.03536642343363036,
			0.07415848478422234
		],
		[
			0.044753062954791596,
			0.12448981733031886,
			0.05153407058047499,
			0.08381875581297138,
			0.022163163274304842,
			0.12825374780948134,
			0.058444625804426636,
			0.07098556650977053,
			0.030320080230969743,
			0.04751544123609807,
			0.027772535353461598,
			0.1251831283496333,
			0.07893416999568076,
			0.10583183475761644
		],
		[
			0.03973516280663012,
			0.07457044009061113,
			0.10691190306762227,
			0.023524087469764338,
			0.04436048446767819,
			0.0678883006505324,
			0.013975173467506376,
			0.10394000119070587,
			0.07324527112792718,
			0.1254106358583779,
			0.08376556623994735,
			0.05622000308685076,
			0.06371138857532334,
			0.12274158190052269
		],
		[
			0.13304041002507863,
			0.09293561216807415,
			0.06769989573899098,
			0.06350204507296661,
			0.04280977786120599,
			0.024511794665398115,
			0.1095561129498842,
			0.032671546519276784,
			0.01669342968981886,
			0.030814006805072153,
			0.07599766532780958,
			0.12554915990136412,
			0.06810317313924627,
			0.11611537013581372
		],
		[
			0.03239685124355167,
			0.039295755317872744,
			0.16728285608945756,
			0.08756269054949294,
			0.18714411284646354,
			0.02201004870017423,
			0.05952199040577022,
			0.05616158003813517,
			0.03909546143724184,
			0.04098404516227255,
			0.0189523627601678,
			0.02246564810602801,
			0.02112119725702451,
			0.2060054000863475
		],
		[
			0.039425738740299525,
			0.10139648990580917,
			0.11997601878502294,
			0.12751269659910944,
			0.1140372551074385,
			0.02163909281951387,
			0.09200143682270225,
			0.04758191701053035,
			0.014129194599875852,
			0.033777212498604825,
			0.10626419360441379,
			0.016253899686392723,
			0.06634704824893031,
			0.09965780557135649
		],
		[
			0.1068314559656312,
			0.10966455399565317,
			0.10427506904535432,
			0.11155735167609716,
			0.11210418059838681,
			0.030051477648823523,
			0.044295809343465366,
			0.057065396533352665,
			0.029522892963685186,
			0.1109313558742253,
			0.0620505353925441,
			0.03726201016331343,
			0.045343061040436575,
			0.03904484975903121
		],
		[
			0.11691408968115863,
			0.08375614668336423,
			0.03474611350352511,
			0.120844466330717,
			0.10923162236794108,
			0.010349598786164713,
			0.09842429013343532,
			0.05626733953504167,
			0.0205284234845151,
			0.032570847804933994,
			0.011680257957289737,
			0.11840304100982017,
			0.07333789028633073,
			0.11294587243576262
		],
		[
			0.03360774335077778,
			0.12587470843972637,
			0.02591764136865808,
			0.10592559074918402,
			0.12924812728664936,
			0.10023610754211511,
			0.07814614873412888,
			0.12251310457712075,
			0.03434671851294327,
			0.03140549512573461,
			0.04097379769940604,
			0.011136585396475697,
			0.07737314121325947,
			0.08329509000382088
		],
		[
			0.11491625285906092,
			0.09155311688859631,
			0.02630611538218342,
			0.04908921725790324,
			0.01419257721621394,
			0.02415576804183942,
			0.06341892202651393,
			0.11761039673965829,
			0.0865027393474567,
			0.10313462166179088,
			0.105303482820106,
			0.025757222945087362,
			0.10356142256763327,
			0.07449814424595637
		],
		[
			0.02796782254896545,
			0.05351702853492194,
			0.015530214697173009,
			0.08160706438164243,
			0.08748352346463326,
			0.012686486701877352,
			0.12036912756252202,
			0.10640484746542311,
			0.09291019933984751,
			0.027856911284075584,
			0.10617299936094698,
			0.09233370964890954,
			0.10121034863920535,
			0.07394971636985652
		],
		[
			0.07984466422983764,
			0.014178305724989883,
			0.1076281655450463,
			0.12222630867214872,
			0.10099728202711483,
			0.04659341290345415,
			0.030537980501164387,
			0.1312175432482498,
			0.12042266281555859,
			0.034840682994979395,
			0.06311664436520072,
			0.08113968092841377,
			0.022416248219854492,
			0.04484041782398717
		],
		[
			0.09617873047748318,
			0.02594637622505246,
			0.02004172252872692,
			0.09822631682306035,
			0.11317426508015299,
			0.10562779975877813,
			0.07883312699905268,
			0.08687676121696788,
			0.009623591213757379,
			0.047379859324393515,
			0.1140952949610967,
			0.08955934131234086,
			0.0721847160105461,
			0.04225209806859075
		],
		[
			0.013816448876581403,
			0.12822563394403844,
			0.13129299067942551,
			0.020229408760438865,
			0.12251557554436497,
			0.12661992737004943,
			0.05758522631002564,
			0.10309662323205586,
			0.022530809611882145,
			0.05678137519782149,
			0.1213573544585072,
			0.052948131517494904,
			0.028526886433878143,
			0.014473608063435974
		],
		[
			0.1074904379882053,
			0.017875027063946804,
			0.012684685705615506,
			0.13609393646319004,
			0.058879558155674826,
			0.05196426663618426,
			0.030570200292983043,
			0.14315065932695556,
			0.07904618960510433,
			0.06272322593934662,
			0.13025445299574487,
			0.014437638485212687,
			0.10922082466577356,
			0.04560889667606266
		],
		[
			0.12733545677297692,
			0.018426167275044973,
			0.09340225568383417,
			0.10275791658907815,
			0.10014440223091627,
			0.029294715212586694,
			0.09654307943929105,
			0.05464477497351833,
			0.025299622508813343,
			0.05426379915668781,
			0.12174902054662552,
			0.03191149560024213,
			0.13305502582488243,
			0.011172268185502173
		],
		[
			0.08086447346332698,
			0.07726318991234217,
			0.090622738870481,
			0.013070591826431435,
			0.03952500553905709,
			0.13303665851604612,
			0.08469133923687737,
			0.03808992943556388,
			0.09422520376409242,
			0.04920384634373704,
			0.12161255316889931,
			0.020367783340143105,
			0.11978472566477913,
			0.03764196091822313
		],
		[
			0.08102306253609351,
			0.048853607610227175,
			0.12768514154551358,
			0.11610299777806517,
			0.08236354317569952,
			0.03968827051521652,
			0.016195472697975267,
			0.017382541283747263,
			0.010979010922103764,
			0.12720395750156022,
			0.12265889962785788,
			0.11280080010410318,
			0.08108206998393022,
			0.01598062471790665
		],
		[
			0.06614680591858223,
			0.09026791726373048,
			0.19803554471452542,
			0.018193912847438952,
			0.02488949912854219,
			0.12694029898351814,
			0.043200587915935985,
			0.04460825454618701,
			0.07675387284910776,
			0.05390968455124479,
			0.0171804924467724,
			0.04990313270466166,
			0.17144690511538418,
			0.01852309101436889
		],
		[
			0.13394308866186538,
			0.13310313147472774,
			0.019258748562971002,
			0.03869741076797282,
			0.06754218756906064,
			0.04064888356718248,
			0.11190708913596069,
			0.028258777121563234,
			0.0280482926136503,
			0.05685449206809082,
			0.09236608285491636,
			0.10360089811425253,
			0.11700650258540676,
			0.028764414902379132
		],
		[
			0.125834352621215,
			0.04907561223232968,
			0.01648911017415427,
			0.10551572001237637,
			0.09189952266428127,
			0.017991397587349637,
			0.13656341943087474,
			0.034319846659211374,
			0.01927265616526154,
			0.10874425804914427,
			0.03765861244890276,
			0.04887678262386682,
			0.07085793445313227,
			0.13690077487789992
		],
		[
			0.02181230175943524,
			0.04701802718999326,
			0.020052517654176642,
			0.09880440417895887,
			0.12885015609306902,
			0.10329493213547433,
			0.03420558460248436,
			0.04328964919164903,
			0.09616462010480072,
			0.044272434471262376,
			0.10122543813737182,
			0.11774736545445703,
			0.014963311849496836,
			0.1282992571773705
		],
		[
			0.014130494974359758,
			0.014354426975045463,
			0.040519516251013056,
			0.12630095347395529,
			0.0678701650786006,
			0.024623867582480717,
			0.10511613367409929,
			0.012526352276842278,
			0.11722157067897229,
			0.1366917960877854,
			0.0819697177632847,
			0.13280704472024835,
			0.01749432736834561,
			0.10837363309496735
		],
		[
			0.1106014930652629,
			0.09574691891904574,
			0.016276281969143575,
			0.10968744400678124,
			0.10755282526151964,
			0.02986664756673117,
			0.02318165452805824,
			0.03747233947406568,
			0.052395900224113896,
			0.08219547209690148,
			0.1052570814952802,
			0.10046809934403891,
			0.09207854988333654,
			0.0372192921657208
		],
		[
			0.10969502292575523,
			0.010835181619956422,
			0.0394344429238363,
			0.097586231157888,
			0.12255292871389056,
			0.10471214243709961,
			0.049433196677604194,
			0.020207056378544867,
			0.12836407320483403,
			0.02480032800334766,
			0.02438752948654571,
			0.08703997820813998,
			0.06846552910097614,
			0.1124863591615815
		],
		[
			0.09765711641729907,
			0.07124452623671733,
			0.042123391865656515,
			0.1162652137898013,
			0.09076923541920888,
			0.04039230299154885,
			0.11329553732045673,
			0.11590769379608594,
			0.02750926712504958,
			0.12208611260350914,
			0.011174359944186946,
			0.013318379956944805,
			0.11026757811437256,
			0.027989284419162583
		],
		[
			0.14695336471453327,
			0.11566564963180173,
			0.029011725190363564,
			0.016238678111819303,
			0.025113543437756423,
			0.029531448887136567,
			0.13958293395142485,
			0.08671549815906492,
			0.1729483943877168,
			0.12790603314406457,
			0.035278519635552105,
			0.023108233477373806,
			0.016142153179007607,
			0.03580382409238436
		],
		[
			0.04366640101567835,
			0.06443520054642964,
			0.05591836533479653,
			0.054126277018319166,
			0.13410442163636702,
			0.062374857557377525,
			0.09939541405330198,
			0.10813283573010347,
			0.08379926739450942,
			0.014681682514586854,
			0.06486288890063951,
			0.030132235341608072,
			0.12212545285597963,
			0.06224470010030288
		],
		[
			0.012702964310496305,
			0.07547220744985464,
			0.030292211860782032,
			0.10273733934116945,
			0.09990451376173567,
			0.02761205356165105,
			0.03054822859744865,
			0.045528133189862416,
			0.1203860085237421,
			0.07528624530353703,
			0.1141022470642444,
			0.10067619499031334,
			0.07063632772188516,
			0.09411532432327772
		],
		[
			0.028858094657642008,
			0.11639273717732462,
			0.09396861223399171,
			0.01644215485237847,
			0.014492980816755726,
			0.05319075293845676,
			0.05713331511281455,
			0.10801633385016625,
			0.11173705493999664,
			0.09253186351496365,
			0.09510541805347734,
			0.09297382632665326,
			0.011587578749250932,
			0.1075692767761282
		],
		[
			0.023721458749009435,
			0.02877125187944589,
			0.015985973683569743,
			0.11107860710656862,
			0.10020373141672548,
			0.0658545999549609,
			0.1273738666996215,
			0.05983742861424447,
			0.12589877373363947,
			0.033938980675908496,
			0.08001038060946632,
			0.1029556639695089,
			0.040316577676112735,
			0.08405270523121812
		]
	],
	"weights_mean": [
		0.07324182211159201,
		0.07146054298672593,
		0.058807109011050504,
		0.07998987687261781,
		0.08304282199631757,
		0.052038538814504924,
		0.07126598298809073,
		0.07238044847769322,
		0.07288237315528684,
		0.07692046292136466,
		0.07476395361119641,
		0.07248973158371734,
		0.06900420348579735,
		0.07171213198404484
	],
	"weights_std": [
		0.04142817596008164,
		0.04325678589678532,
		0.04272695704920064,
		0.042354192361223515,
		0.0405546609445749,
		0.03421013331654177,
		0.03740152156948711,
		0.03775879822226848,
		0.04353711454765519,
		0.04401114489230849,
		0.04301860505929973,
		0.04298945763029008,
		0.040522591084455786,
		0.041927447548218796
	]
}
