{
	"training_mean": -0.1424390243902439,
	"training_std": 0.0893642027752509,
	"training_se": 0.00893642027752509,
	"test_mean": -0.21999999999999997,
	"test_std": 0.1973465961508981,
	"test_se": 0.01973465961508981,
	"metric_names": [
		"width",
		"depth",
		"multi_qubit_gate_depth",
		"total_number_of_operations",
		"number_of_single_qubit_gates",
		"number_of_multi_qubit_gates",
		"number_of_measurement_operations",
		"single_qubit_gate_error",
		"multi_qubit_gate_error",
		"single_qubit_gate_time",
		"multi_qubit_gate_time",
		"readout_error",
		"t1",
		"t2"
	],
	"normalized_weights": [
		[
			0.0449627171706514,
			0.11537180498470753,
			0.09579189502967175,
			0.030312279661538943,
			0.04050126156111357,
			0.06527925155502388,
			0.09037097206414428,
			0.024808626039124437,
			0.10404862931597997,
			0.06282297375399148,
			0.11187875853539408,
			0.11402849412830551,
			0.07496447708620221,
			0.02485785911415099
		],
		[
			0.11862438708583398,
			0.013241078717896107,
			0.044472106967808345,
			0.12895031011690264,
			0.12491046698896177,
			0.06426674244380899,
			0.10804766995532611,
			0.021270389950235842,
			0.014082570479655512,
			0.043909007241128596,
			0.03836121610006377,
			0.11763364218763656,
			0.1106757121605517,
			0.05155469960419002
		],
		[
			0.13224076628639111,
			0.05293365246877551,
			0.025331349218434853,
			0.022132053214501714,
			0.12489174551489468,
			0.013145902690146805,
			0.06516593599613531,
			0.025786869214131956,
			0.12365454393193745,
			0.021856717380490418,
			0.12138393991424742,
			0.10507330206276816,
			0.03322700494167279,
			0.13317621716547184
		],
		[
			0.016643913002634184,
			0.024123056854461273,
			0.038357272518774216,
			0.04460993363590685,
			0.12620257409909155,
			0.11410747797335867,
			0.10262326900245021,
			0.13954031044966728,
			0.044936375317323966,
			0.0802329110097628,
			0.14617454027944402,
			0.019213634730434484,
			0.05249594866592547,
			0.050738782460764985
		],
		[
			0.10579811661692035,
			0.102796273395181,
			0.015309080293679323,
			0.06739051857437499,
			0.02550132518258721,
			0.15370141973923218,
			0.1626271243911365,
			0.014308909796987514,
			0.04453939456516818,
			0.03948856827378387,
			0.03218708105229108,
			0.13441607355956864,
			0.025489382757444962,
			0.07644673180164405
		],
		[
			0.06993805534285086,
			0.09483238561995842,
			0.09304094833407812,
			0.07677717446144186,
			0.13710246931225245,
			0.02292667130476722,
			0.06547191882871287,
			0.02316682458765236,
			0.015645369595807777,
			0.017955537225688347,
			0.047184754122709685,
			0.15498996404678628,
			0.017142859864718946,
			0.16382506735257493
		],
		[
			0.08799057875167596,
			0.031128654902052934,
			0.03275588234606961,
			0.055058952058821865,
			0.10945265052840483,
			0.08884608082168116,
			0.10526783322890376,
			0.05301708355351974,
			0.08816301830502533,
			0.04306631208972198,
			0.04769085913684944,
			0.0886415963406843,
			0.07136695426836573,
			0.09755354366822336
		],
		[
			0.08755866411910541,
			0.021877852926659027,
			0.038294350028058276,
			0.1072546875079437,
			0.021218278789055352,
			0.10781742907260454,
			0.05452766145283121,
			0.10439761276815643,
			0.09984111934809263,
			0.09924385178976936,
			0.09121945952433794,
			0.06587143367670564,
			0.09011791995155041,
			0.010759679045130121
		],
		[
			0.026771105216875965,
			0.11626385536286613,
			0.11435730218179269,
			0.1111409022290529,
			0.010264839298495245,
			0.04799296432198882,
			0.11194620999991549,
			0.11551237998925455,
			0.0732586361076492,
			0.10544889947575757,
			0.05510646790991813,
			0.053205824959668815,
			0.022304407901828166,
			0.036426205044936134
		],
		[
			0.10273070999862688,
			0.09326465529952811,
			0.03535518753689887,
			0.016177083057659934,
			0.06038246014901163,
			0.07678888128790594,
			0.02260285523482537,
			0.021880322070424268,
			0.08998634390210637,
			0.10278700316557098,
			0.09022535179559076,
			0.09014623170147255,
			0.09389307315533725,
			0.1037798416450411
		],
		[
			0.016127333737796467,
			0.1366472597664842,
			0.03205301375881755,
			0.09408742762742127,
			0.013547852383002277,
			0.012463653907951313,
			0.1131229071763402,
			0.12658946764826512,
			0.09709431591543377,
			0.01237838428592891,
			0.11039496668347364,
			0.11453579925058892,
			0.09726211427420495,
			0.02369550358429148
		],
		[
			0.017909031104658572,
			0.05540228472250852,
			0.10624879500410041,
			0.13352164429697397,
			0.16313192877038554,
			0.06700927485825814,
			0.1369857964237985,
			0.08428496789871943,
			0.013729782152024547,
			0.03160890445100643,
			0.016394721809204624,
			0.11897619568331001,
			0.016988771361278528,
			0.03780790146377276
		],
		[
			0.13104310999386462,
			0.10336096042797847,
			0.1332731298460819,
			0.10030625538608957,
			0.013593371513180328,
			0.07727787717593368,
			0.06341030473782755,
			0.1167248624865492,
			0.09528208850622906,
			0.015201524911940234,
			0.05919104143474655,
			0.02018463067964554,
			0.05857548360740059,
			0.012575359292532532
		],
		[
			0.08404480743919675,
			0.08735798297944448,
			0.08378197302056696,
			0.021255694361992063,
			0.07175869115418834,
			0.057570444822185665,
			0.10331600064954945,
			0.10663350911614304,
			0.06175347807404108,
			0.09125166659695913,
			0.07392477195872899,
			0.05628900076074232,
			0.06210774894230771,
			0.03895423012395391
		],
		[
			0.13350027649351287,
			0.0520547652814952,
			0.014694780105049144,
			0.014623858683365465,
			0.020787760312693932,
			0.12033400891211188,
			0.025612225721527923,
			0.015268763343706648,
			0.14958962289659053,
			0.11315482995739867,
			0.053995473516043835,
			0.027996339301161393,
			0.1245439769189593,
			0.1338433185563833
		],
		[
			0.02456899551614388,
			0.03274651346414563,
			0.1023047403141834,
			0.06312810957264807,
			0.11106536107444358,
			0.02189692289940866,
			0.06548556555535685,
			0.0917868925992363,
			0.10914279109176404,
			0.09803790678100799,
			0.1197535887392633,
			0.06423397829290706,
			0.020042997813972598,
			0.0758056362855187
		],
		[
			0.016049807866770387,
			0.06266234406389028,
			0.0465484169437205,
			0.1016279808933215,
			0.10947586795800018,
			0.0722837259423402,
			0.06569278777186795,
			0.043558842815208804,
			0.11014220741072174,
			0.07235692329979165,
			0.10924618537566809,
			0.10684600134577961,
			0.06326307574619557,
			0.020245832566723312
		],
		[
			0.07871308219925584,
			0.08730387469458827,
			0.02288210278790181,
			0.10820257465341554,
			0.10589050089494571,
			0.0360368184275397,
			0.11110295425681872,
			0.014257157462729377,
			0.09338323316652306,
			0.04469545230588181,
			0.06049592453186317,
			0.04697191986856293,
			0.10763854331269165,
			0.08242586143728241
		],
		[
			0.01561879461915801,
			0.018463331974770507,
			0.05780659544605459,
			0.05785079248639377,
			0.0896989075832462,
			0.06011281940707202,
			0.077563249394106,
			0.08501893264639371,
			0.10801019652500471,
			0.0186588247904417,
			0.11611301751458868,
			0.08293010783436966,
			0.09789207965627646,
			0.11426235012212414
		],
		[
			0.0993771269703799,
			0.08454299583819627,
			0.12479975819988154,
			0.014941334884079113,
			0.024494261401170874,
			0.12221366139204853,
			0.029078725806537517,
			0.05822695420462158,
			0.12105763801551202,
			0.07794079026234592,
			0.05734925599546473,
			0.01742079489969184,
			0.14615841843768151,
			0.022398283692388568
		],
		[
			0.08424885653654673,
			0.09567202798317473,
			0.06551190977935072,
			0.04772290326589947,
			0.015024711881355736,
			0.03437440804162893,
			0.05449215089298262,
			0.03158879283013976,
			0.16725672538681424,
			0.023831737819691633,
			0.05796694713278588,
			0.17108594136174954,
			0.0354945973787687,
			0.11572828970911135
		],
		[
			0.09193090277109094,
			0.09690022799281844,
			0.04615536761534575,
			0.05608850414332842,
			0.13066875315913545,
			0.061579120071670546,
			0.14317988949765245,
			0.08723496040538817,
			0.026813268406920446,
			0.03880630433474906,
			0.017717552897302924,
			0.06459061964376656,
			0.017432357290675892,
			0.1209021717701548
		],
		[
			0.055444800909406095,
			0.07405747254732842,
			0.08371192989705291,
			0.03894819834639926,
			0.06091204926918897,
			0.13130282803350488,
			0.05739386333805769,
			0.03250123379420986,
			0.04075924810851643,
			0.12859994926947715,
			0.11271670586447378,
			0.016019940356545706,
			0.03370727372941106,
			0.1339245065364278
		],
		[
			0.12280745279110704,
			0.08290115792731126,
			0.015447929377161454,
			0.10966223704308455,
			0.01213231860433715,
			0.055518043832591665,
			0.033544355123310894,
			0.09694713167980609,
			0.03194824958686664,
			0.032109431922181554,
			0.10945859038539957,
			0.0566451474648478,
			0.12589473104946955,
			0.11498322321252476
		],
		[
			0.11146015806601255,
			0.10324127791245338,
			0.06773951819992541,
			0.05251359037605666,
			0.1277025830253209,
			0.03270366423831024,
			0.018835543212050464,
			0.11079193877675853,
			0.012181825456576163,
			0.020454559442655177,
			0.026441931742754884,
			0.0925993295398615,
			0.10033896355827487,
			0.12299511645298923
		],
		[
			0.05972649199087863,
			0.08649662957610771,
			0.027684150938369522,
			0.08412232760758036,
			0.10110861441311227,
			0.04018614585373893,
			0.13188644150063977,
			0.02455922707532812,
			0.03923909798251062,
			0.10681173567809314,
			0.04256064087139766,
			0.050773846623617204,
			0.12170782871064163,
			0.08313682117798447
		],
		[
			0.10827578474289742,
			0.011514406563891992,
			0.01141696244183593,
			0.1287602412781535,
			0.09910745188179884,
			0.06543735610954401,
			0.062357246124688494,
			0.08911608393795768,
			0.10343657560949956,
			0.06189268171307707,
			0.11350767314599611,
			0.05514715902671551,
			0.03349290411796797,
			0.05653747330597584
		],
		[
			0.13990209929242395,
			0.015226081819483539,
			0.05438357487181655,
			0.058670541132986025,
			0.12555803415170488,
			0.10494552270498318,
			0.0473998888627389,
			0.03394779727012667,
			0.12548115282658898,
			0.034342480834212145,
			0.06177082595472403,
			0.011991355999748472,
			0.13231599033874072,
			0.054064653939722
		],
		[
			0.04753374659744002,
			0.11398867855470496,
			0.016433901409439663,
			0.014810567617767709,
			0.12303848592510822,
			0.12320221523972097,
			0.04766720516491717,
			0.09852287526883238,
			0.03764394619570924,
			0.11497885533637289,
			0.014442292660301467,
			0.12595120085914124,
			0.0731455699288849,
			0.04864045924165904
		],
		[
			0.048711115322117235,
			0.13915712963462834,
			0.1105950143730698,
			0.12689980268975914,
			0.08557791075202469,
			0.012399408403306188,
			0.022953940918095366,
			0.05884029013936628,
			0.08408630568211145,
			0.024174956927482668,
			0.013435118418002786,
			0.139050149266575,
			0.07854781194971144,
			0.05557104552374956
		],
		[
			0.06913047152079335,
			0.09819642553318907,
			0.030329813991582917,
			0.07931976989783206,
			0.13948597541017257,
			0.057133499481077675,
			0.05429304041987259,
			0.013147443007513512,
			0.1068194653722429,
			0.08749612069600778,
			0.11781492091915291,
			0.022111538933508087,
			0.11319677724321256,
			0.011524737573841955
		],
		[
			0.1370461400580846,
			0.12921424701761727,
			0.044782129470918954,
			0.030239490389014526,
			0.1359025699546877,
			0.01811146688316736,
			0.04230198974669033,
			0.021456876281115235,
			0.0137598757415436,
			0.12311429056459593,
			0.10541262058089357,
			0.05305817727524423,
			0.02064632623925971,
			0.12495379979716703
		],
		[
			0.10121900290395425,
			0.046673829787004496,
			0.02076948657276432,
			0.1159530748915332,
			0.08601096564332696,
			0.0789623617810578,
			0.021360891257555824,
			0.11276019345661996,
			0.034512790613510286,
			0.08076440535222232,
			0.056393145282434234,
			0.06814273559953206,
			0.04782609209928622,
			0.12865102475919793
		],
		[
			0.040342895393301985,
			0.034076467107840826,
			0.04030368032594127,
			0.12482415761423966,
			0.09109717037264854,
			0.07062612548768783,
			0.1276692702518405,
			0.017187974379703385,
			0.014697133084917812,
			0.10896218990401593,
			0.12316303095930398,
			0.036630880538039534,
			0.14095661058685396,
			0.02946241399366493
		],
		[
			0.11307310723197256,
			0.021535624545308715,
			0.10159614212984228,
			0.13419206436829678,
			0.13171178478420348,
			0.019726500020695197,
			0.027690698562077315,
			0.11970219710300704,
			0.019148248484098167,
			0.11192369347157462,
			0.03869947106602006,
			0.06297897822742482,
			0.07407433333672261,
			0.023947156668756374
		],
		[
			0.021554987184432342,
			0.12262558237427992,
			0.020290106330685256,
			0.024443617648789644,
			0.03529308036348649,
			0.15963807899874488,
			0.03818025099127097,
			0.0968750934915912,
			0.09367791811146411,
			0.026871056370335704,
			0.03303940270731103,
			0.014608702512064656,
			0.14564928805807234,
			0.1672528348574715
		],
		[
			0.04803280411004521,
			0.14466141387673426,
			0.14734290473074077,
			0.08552229861083945,
			0.08039286163243084,
			0.0167074209598268,
			0.015889149134745886,
			0.05252129631861034,
			0.016408249596768672,
			0.17545875207136252,
			0.019147726015015396,
			0.13387385029699442,
			0.04497916614622347,
			0.019062106499662182
		],
		[
			0.05832613268567561,
			0.14036130185127726,
			0.08259730415335191,
			0.1118730357120501,
			0.015654736800750454,
			0.0662684520434674,
			0.017597526757714095,
			0.02933933948640127,
			0.12304177776669246,
			0.02774155877710658,
			0.08408710995017551,
			0.10412617735725413,
			0.025077089092782223,
			0.11390845756530095
		],
		[
			0.049919071920356085,
			0.17017695336457975,
			0.07194134327172155,
			0.01593890115396037,
			0.029649661589732694,
			0.038927575178366446,
			0.10475991991612824,
			0.03218731835948033,
			0.14791216136893087,
			0.0355897177353747,
			0.030741250874423358,
			0.04589713508861514,
			0.15908967232289836,
			0.06726931785543203
		],
		[
			0.07458243459228084,
			0.02170703178906758,
			0.03592481837880683,
			0.11832346509636125,
			0.12420584222465492,
			0.10432270147262884,
			0.05987362658796242,
			0.10181249307838941,
			0.025929762430133337,
			0.09418481152165212,
			0.03834478750967722,
			0.0152844394679014,
			0.09899120628615636,
			0.08651257956432755
		],
		[
			0.016288833027360033,
			0.028814885808887043,
			0.13033603080649578,
			0.032453089714173995,
			0.16312875931794324,
			0.020498173419877915,
			0.0804625906570762,
			0.0790914494273278,
			0.08261116960874161,
			0.1741172451081819,
			0.06205858477553949,
			0.015360497033223789,
			0.06292788655507144,
			0.05185080474009981
		],
		[
			0.028874602975962834,
			0.06847220195865773,
			0.06536736465114111,
			0.058935702784674374,
			0.1529506179932463,
			0.05854949909280018,
			0.08703433220326051,
			0.08080362383796712,
			0.10339787393173333,
			0.06554206211880323,
			0.027467174835660888,
			0.09355717459938384,
			0.09263752048586583,
			0.016410248530842643
		],
		[
			0.09683834808478728,
			0.009730731419534646,
			0.019040818636660458,
			0.08280499061143799,
			0.0995466378252084,
			0.09427078677769768,
			0.06210256357557868,
			0.0852482855065892,
			0.08492062924571896,
			0.07363983622829065,
			0.09883028471793315,
			0.07553372038504551,
			0.03390765637992584,
			0.0835847106055917
		],
		[
			0.014001446376649986,
			0.05733229962179974,
			0.09540211574563953,
			0.012524877959114097,
			0.12033793106144036,
			0.019181428165087465,
			0.059859426783843574,
			0.09251740430827486,
			0.04909100813114644,
			0.09875597388069346,
			0.12680014282277569,
			0.11387023234547665,
			0.035837597988477084,
			0.10448811480958099
		],
		[
			0.002451966569814935,
			0.07685604584744415,
			0.04219566094806025,
			0.12354647720792881,
			0.1380229852232623,
			0.08393848603711015,
			0.06616976857575152,
			0.13259610186806406,
			0.03162771144084443,
			0.045666059373404295,
			0.0561825187237271,
			0.07451196270466554,
			0.09763938505757921,
			0.02859487042234326
		],
		[
			0.012951451109724723,
			0.07389694725603684,
			0.032527996170111935,
			0.1289342461750887,
			0.09191092930529758,
			0.0169907714198924,
			0.04668964688514496,
			0.11525686699029562,
			0.10340784971653644,
			0.12647460222213863,
			0.07109287368826905,
			0.03600404966595225,
			0.01904283667939493,
			0.12481893271611601
		],
		[
			0.10377999617808203,
			0.09355541846259945,
			0.035616309484022085,
			0.10307547061711105,
			0.0289538652115495,
			0.08374438227092945,
			0.07561752007216982,
			0.04389752560313628,
			0.10347065390609433,
			0.09438044052453833,
			0.012425092547040004,
			0.08641185361791905,
			0.09160780317505894,
			0.04346366832974976
		],
		[
			0.08143176303898304,
			0.062225834236919415,
			0.0864143677168453,
			0.10815448801526631,
			0.10972797587106393,
			0.019442071793684738,
			0.02981976498374431,
			0.10377435490009958,
			0.018217514994660164,
			0.11064997706145809,
			0.10911108817737424,
			0.107305984324933,
			0.01424209382004935,
			0.039482721064918576
		],
		[
			0.04601919838237784,
			0.03978069069399197,
			0.013735752993837039,
			0.115017525736634,
			0.09654042097116089,
			0.04004959208107299,
			0.09607078084510044,
			0.09091434124545258,
			0.04980908087885742,
			0.1074904652955201,
			0.1069945096344478,
			0.07341098419896883,
			0.026476660406901026,
			0.09768999663567732
		],
		[
			0.08037460835912737,
			0.05385833108584065,
			0.12886398152560719,
			0.017228978594089953,
			0.018387997331727933,
			0.1322370160280593,
			0.014681217516382907,
			0.06246062608140534,
			0.04203233685386911,
			0.11829609943292536,
			0.12502092747684249,
			0.035737560561758724,
			0.04003851083121997,
			0.1307818083211436
		],
		[
			0.08347618232549438,
			0.012197898586045124,
			0.056495853754135635,
			0.041933358220598856,
			0.11859228449918803,
			0.028483304714498205,
			0.1268228737771686,
			0.03599707372908795,
			0.12177979186499249,
			0.07811084405541256,
			0.08121509482815804,
			0.11163657738227598,
			0.038820099223419585,
			0.06443876303952464
		],
		[
			0.03718651227235814,
			0.11512413851950641,
			0.04740979701108379,
			0.14100568829817173,
			0.02115998685129418,
			0.041546884252422395,
			0.07847647356804796,
			0.013287801580687772,
			0.02475374577196354,
			0.021981033919779795,
			0.14918430695104137,
			0.08101958079237628,
			0.1504207028936889,
			0.07744334731757778
		],
		[
			0.07178956762530501,
			0.023315602856454853,
			0.09879659678875327,
			0.08280565719485763,
			0.10304402194886311,
			0.009657035629962799,
			0.09968248710489155,
			0.06729582916705418,
			0.0902342129268859,
			0.1019838399096022,
			0.07993765929099934,
			0.051766822304578866,
			0.04741772681754444,
			0.07227294043424667
		],
		[
			0.016176953009453075,
			0.06458937828327081,
			0.09161566602226955,
			0.13201428704483753,
			0.1137838022698473,
			0.017772784738007093,
			0.15143583484496223,
			0.012361015499111207,
			0.08243719530429486,
			0.004913274106488206,
			0.05687678463683518,
			0.12654678860711638,
			0.12199704871989515,
			0.007479186913611458
		],
		[
			0.13918454336434125,
			0.02618695268179714,
			0.03863950301769862,
			0.1385105620409076,
			0.10992819947093814,
			0.024655463837941056,
			0.06675300166334118,
			0.01670855654828915,
			0.08448039957452695,
			0.17268484798138947,
			0.09151556756921274,
			0.04393663967590537,
			0.021138126000829295,
			0.02567763657288212
		],
		[
			0.04438790178044773,
			0.15649510640380493,
			0.018815715296301206,
			0.06286556014161875,
			0.05712036068605708,
			0.028359070865046406,
			0.029338590421184446,
			0.022436588414244896,
			0.038397060822172584,
			0.12381636556059275,
			0.01725330000762131,
			0.14214308946581364,
			0.11736953720798021,
			0.14120175292711382
		],
		[
			0.08286880351689442,
			0.09596332960151999,
			0.05147009928790389,
			0.02509778609953323,
			0.08925805831395373,
			0.0932673183624985,
			0.09091469131542768,
			0.06573121917749875,
			0.0950109721216601,
			0.022808584796822504,
			0.10464201586551897,
			0.10539296964197606,
			0.061541980759715925,
			0.01603217113907624
		],
		[
			0.06931138831843564,
			0.12845865498872092,
			0.10050800229827786,
			0.06484821992501161,
			0.10759838548271745,
			0.12774738854943435,
			0.016532466772090443,
			0.018417401501718385,
			0.10330077375719209,
			0.014525192739701862,
			0.10480671577325439,
			0.09587568894919357,
			0.021993425790152933,
			0.02607629515409869
		],
		[
			0.07063120730765074,
			0.014405351052811731,
			0.015778554350969393,
			0.10460099886473377,
			0.02454065198408225,
			0.03504850789611869,
			0.13511013732394647,
			0.1183849049821626,
			0.01222830851539866,
			0.08462823994845006,
			0.07007893461895177,
			0.11904038998756274,
			0.10030926198565765,
			0.09521455118150349
		],
		[
			0.1059542151953067,
			0.10735687094487342,
			0.017442177540705872,
			0.014014163353167129,
			0.0768462203098984,
			0.07824640380360832,
			0.09210178745859775,
			0.11679714604686954,
			0.027344136369096963,
			0.11640517213152454,
			0.027728661024425224,
			0.08428266186703509,
			0.024748538250996488,
			0.1107318457038947
		],
		[
			0.1224834836791119,
			0.020865407101733433,
			0.028215131792351536,
			0.05987234068603746,
			0.014851438291987023,
			0.01384762605903474,
			0.08960248826105824,
			0.13146230131098782,
			0.1340337574478688,
			0.01609660651300577,
			0.08788689520307538,
			0.14374528721349714,
			0.03201811779788055,
			0.10501911864237022
		],
		[
			0.02516309274812788,
			0.09559301015859818,
			0.05215009671714877,
			0.11587090330238688,
			0.04503010482844458,
			0.032586405108107196,
			0.12422568615830318,
			0.03410370375373186,
			0.07998156179137102,
			0.06254398217769697,
			0.041284580547076274,
			0.06706733360059815,
			0.10300415624627313,
			0.12139538286213607
		],
		[
			0.11117938132313965,
			0.05567452154804207,
			0.014054018958299169,
			0.12327568556619278,
			0.07505245197464248,
			0.02090989090936995,
			0.021779091126091853,
			0.13864593393873773,
			0.04957497656860735,
			0.08268749917766822,
			0.041500993422340426,
			0.09909480478095042,
			0.041621185777034775,
			0.12494956492888307
		],
		[
			0.0476351445138372,
			0.06529101382276738,
			0.0483908746059594,
			0.089365153841531,
			0.09636446752388772,
			0.04931959714467016,
			0.0958257576278746,
			0.08034494465420344,
			0.08137730970144844,
			0.09528878036716597,
			0.014786940541729606,
			0.07245372081651456,
			0.07516248076364283,
			0.08839381407476764
		],
		[
			0.01599167958721802,
			0.03689402542604304,
			0.10450113410428094,
			0.08483970815936658,
			0.12090789989980232,
			0.01722386399539202,
			0.08506286029063391,
			0.011732002732938234,
			0.023497339577504908,
			0.11643558457284363,
			0.11195763053543435,
			0.013924262342086687,
			0.1256877916100382,
			0.13134421716641728
		],
		[
			0.08484157665266277,
			0.13350812256340902,
			0.03222726627501604,
			0.04157238156786662,
			0.1236214433845195,
			0.015968589593967672,
			0.11564306293054519,
			0.09850587352917686,
			0.1264305073671848,
			0.037680461672387,
			0.01838821254618149,
			0.06571455494238966,
			0.06359537205137863,
			0.042302574923314795
		],
		[
			0.043849918875765635,
			0.030758179362150747,
			0.11675874342640308,
			0.03694877432315566,
			0.1275012420873553,
			0.0193239633380825,
			0.059374827490731225,
			0.111774526710902,
			0.05197015631404283,
			0.02821912465526653,
			0.025564131084136077,
			0.12094406290564018,
			0.10364736620179883,
			0.12336498322456917
		],
		[
			0.05262102241535597,
			0.07583941480161548,
			0.09419515685270295,
			0.015872056707970924,
			0.10957170543722008,
			0.11487244139023109,
			0.11524738378906046,
			0.02915778923690047,
			0.04653816540438212,
			0.021305129437586078,
			0.11950500333750948,
			0.057487869502249364,
			0.041858909049597416,
			0.10592795263761802
		],
		[
			0.09018090220599222,
			0.021414302555403615,
			0.015599430111706435,
			0.15858847740955917,
			0.03093648354560429,
			0.014372183724116914,
			0.15202322750150146,
			0.03621560312657479,
			0.01878870460492482,
			0.15980596801389213,
			0.042795974529100035,
			0.019393877994314693,
			0.1191716686881629,
			0.12071319598914639
		],
		[
			0.13829674365947908,
			0.02162973566598326,
			0.01767633665947592,
			0.08194174307152313,
			0.040663244946696465,
			0.024976241351881166,
			0.04750639556563712,
			0.1086143451178547,
			0.07158288421377593,
			0.10425718358277379,
			0.15801199602913577,
			0.014883711527419222,
			0.1563716528419666,
			0.013587785766397858
		],
		[
			0.10758428175696787,
			0.05545522039202644,
			0.05417790094297734,
			0.11615231750955203,
			0.04788588987837045,
			0.022078329193705684,
			0.04715888655765013,
			0.11033150476599793,
			0.0709253796835553,
			0.040778324243990784,
			0.04291585599193751,
			0.08628944155232929,
			0.12726428450060434,
			0.07100238303033486
		],
		[
			0.08034015947645967,
			0.012844904850645602,
			0.025282641338123257,
			0.06641752256792591,
			0.04803926218525466,
			0.02997165275920379,
			0.08385772956793715,
			0.10119185412331347,
			0.11029892829155824,
			0.11678103380976858,
			0.05604533878642017,
			0.034893694190345464,
			0.11288305572755979,
			0.12115222232548425
		],
		[
			0.07324881153132198,
			0.11694848445707517,
			0.04019259733132843,
			0.08831956282553438,
			0.10536316786223063,
			0.05189887512015503,
			0.12603982592579693,
			0.0412340113347725,
			0.019329855994716254,
			0.018903988230191366,
			0.06880960591848376,
			0.04912250903659493,
			0.11711068796591928,
			0.08347801646587918
		],
		[
			0.016531393223347207,
			0.12357755937052604,
			0.02234598123518574,
			0.02726641164357404,
			0.04789434989994651,
			0.07607587140389058,
			0.14509300028650565,
			0.03521892628596338,
			0.11442206525430934,
			0.015838280161271055,
			0.07019344407817109,
			0.08232281995371253,
			0.14068931848803584,
			0.08253057871556091
		],
		[
			0.04932346198313188,
			0.014090638793985625,
			0.06565914772775897,
			0.10252516275344552,
			0.1345601334834732,
			0.08022580784077696,
			0.03053378452164949,
			0.10530793137585054,
			0.12972228602941668,
			0.03865707700360022,
			0.11616479718911346,
			0.040104905062282516,
			0.03265346862697509,
			0.060471397608539944
		],
		[
			0.06260751788977463,
			0.013268037164611076,
			0.04537409901227959,
			0.11416726720406341,
			0.11317641474250983,
			0.09815463789326469,
			0.10618288121956411,
			0.02161546934364578,
			0.061436021416415985,
			0.06705499660320219,
			0.10093476433409515,
			0.04459674185489559,
			0.11789696836818321,
			0.03353418295349471
		],
		[
			0.15216197056507483,
			0.1489224323335707,
			0.06058043447112616,
			0.022071962646125372,
			0.01499172780439063,
			0.10121484114201032,
			0.06238342187734443,
			0.14203314189851943,
			0.0691414329049067,
			0.151807222309843,
			0.014557237390446275,
			0.020414945616946092,
			0.0218573052302697,
			0.0178619238094262
		],
		[
			0.06385355271999821,
			0.10054180767261335,
			0.028816710636416318,
			0.08627492672021236,
			0.1370912292893231,
			0.021741778572186402,
			0.08996751787980134,
			0.04235220673876645,
			0.12885037084835468,
			0.1303651779742911,
			0.011769952451332577,
			0.09436766039549964,
			0.012000862483041826,
			0.052006245618162514
		],
		[
			0.021869442274357113,
			0.056223756126572495,
			0.03199632825878119,
			0.1407564687096246,
			0.14354274703209327,
			0.04762847616719347,
			0.07607086576328094,
			0.018575092425866486,
			0.0738341390177822,
			0.12009138680137484,
			0.018871931380333516,
			0.039462875116794464,
			0.1169502710468572,
			0.09412621987908806
		],
		[
			0.09445076058433623,
			0.11953333879211428,
			0.0969206337250118,
			0.06860268728810663,
			0.04104973885394967,
			0.03645621558929145,
			0.061568397689094105,
			0.11523532120447438,
			0.07906869306011034,
			0.11330967166331649,
			0.017556035336997282,
			0.08192476405153747,
			0.05208338651679001,
			0.022240355644869852
		],
		[
			0.011719469352413721,
			0.12973864834153287,
			0.06947484008824258,
			0.026367319168152173,
			0.07973681367508101,
			0.11113989423069172,
			0.03267642708584906,
			0.12196429770041824,
			0.12438316957821136,
			0.03888730093884771,
			0.020305314642989257,
			0.12798812622837616,
			0.07599910045553131,
			0.02961927851366313
		],
		[
			0.09624342031249139,
			0.08213986940378322,
			0.08409929341865872,
			0.12550988730740725,
			0.12586451845473468,
			0.013807404512818129,
			0.11021768759884293,
			0.02664169063248008,
			0.1123530066383529,
			0.03660020270519755,
			0.03944588124217074,
			0.023321160170672116,
			0.0669149841573023,
			0.05684099344508808
		],
		[
			0.012913133191034711,
			0.02301868487098682,
			0.02123225705684059,
			0.09823970575213728,
			0.11867427133584121,
			0.10420784599587071,
			0.01355192785082062,
			0.13227360267006888,
			0.12587585735663467,
			0.018420107632445556,
			0.12597171074394994,
			0.031963327438604576,
			0.12877329947074395,
			0.04488426863402051
		],
		[
			0.01564815889728406,
			0.08913491490289886,
			0.0582025373720275,
			0.03232139242723339,
			0.11556788364768242,
			0.042412445150319375,
			0.09659043588339455,
			0.030387217795717784,
			0.11523043866872146,
			0.08733331357405229,
			0.06906274719900828,
			0.019201185692162757,
			0.1192441657814847,
			0.10966316300801275
		],
		[
			0.1307052134796334,
			0.15644153604801003,
			0.025906943887040294,
			0.05743947480262808,
			0.01648263988358102,
			0.14945220199622053,
			0.01693219870433911,
			0.02356995812045374,
			0.08516841039319015,
			0.0310333357032406,
			0.15398340259588508,
			0.052961451668646214,
			0.08354389270746047,
			0.016379340009671214
		],
		[
			0.03487832272444267,
			0.06213229187526405,
			0.014937909116444366,
			0.08529047604775902,
			0.11596538544664496,
			0.08133396752441799,
			0.04613052603952106,
			0.03546945079519824,
			0.07805521273961079,
			0.0708763056180142,
			0.11300169310135039,
			0.11363549147619836,
			0.04686891897392115,
			0.10142404852121276
		],
		[
			0.01788350719684806,
			0.12192925252877816,
			0.1034389943833164,
			0.036812204939681965,
			0.06943619514878728,
			0.06886096757187128,
			0.057803981946142856,
			0.021651041193576234,
			0.12780860724112472,
			0.07175192157025681,
			0.08543060264643361,
			0.0354278356363816,
			0.142971877549629,
			0.03879301044717201
		],
		[
			0.13632218367010143,
			0.06376730579792352,
			0.027481987505914723,
			0.1394362601055996,
			0.09687533129665489,
			0.02231173508987348,
			0.022249384056711924,
			0.08459902002825984,
			0.1325464228101464,
			0.024614740194838364,
			0.027116500478022852,
			0.017919453865960572,
			0.13006735281451567,
			0.07469232228547672
		],
		[
			0.12167175600918298,
			0.13043394432099542,
			0.023818103174552237,
			0.08364305051707258,
			0.018544266985530238,
			0.07413748187790624,
			0.08967305951229793,
			0.05319447199505741,
			0.03274979319346086,
			0.03816447201470945,
			0.14214487489785516,
			0.14837149467226246,
			0.013212162662978002,
			0.03024106816613919
		],
		[
			0.04083580342325453,
			0.06046542535876117,
			0.07477289930649537,
			0.1393627315569628,
			0.13017980403407053,
			0.05128236212354284,
			0.10252711332519553,
			0.01986940575357613,
			0.01446939513590117,
			0.013814447873068384,
			0.06717336127278625,
			0.13995501360238824,
			0.12716205843565156,
			0.018130178798345328
		],
		[
			0.11491233882076847,
			0.12530255261074552,
			0.12156239140939903,
			0.025670631213652012,
			0.013609637652462012,
			0.01144977442174533,
			0.09612077986315393,
			0.08387576124575857,
			0.11956075072154704,
			0.09923280721300387,
			0.01450708095774319,
			0.08493964401333286,
			0.04789165370566189,
			0.04136419615102617
		],
		[
			0.03669122579630416,
			0.09303551995518433,
			0.08915217269970084,
			0.03589917794388785,
			0.023389720424393506,
			0.05507445938070564,
			0.021474157445044603,
			0.05626853988953198,
			0.141342245524185,
			0.061100523635784276,
			0.12109772169669165,
			0.1418094649543638,
			0.1105128032129123,
			0.013152267441309916
		],
		[
			0.1325591047787562,
			0.10229909074325541,
			0.027310693299337444,
			0.06639711105771808,
			0.11540902076819028,
			0.036957424621445974,
			0.12872874022071812,
			0.127970440934113,
			0.03627637449170804,
			0.06372182599552267,
			0.07511290874505461,
			0.021229253703006105,
			0.044270722732440225,
			0.02175728790873365
		],
		[
			0.06552241157974044,
			0.06113138451128102,
			0.055474555867579246,
			0.07467029304725532,
			0.10868478720562666,
			0.015895630376684053,
			0.09932355000523269,
			0.12009529512414732,
			0.08276590598960265,
			0.06910047028624824,
			0.11693019176964736,
			0.07799994349092079,
			0.04130425793192716,
			0.011101322814107134
		],
		[
			0.13091979535973366,
			0.09186697283041816,
			0.09754828971215918,
			0.03114868577401208,
			0.08574678178896114,
			0.013756106979090582,
			0.12781101582375234,
			0.1326622939194521,
			0.12375964819902462,
			0.05398900425009429,
			0.03860707596194889,
			0.024976174482390076,
			0.026534855730929553,
			0.02067329918803346
		],
		[
			0.1242214038449293,
			0.06341423320163744,
			0.012346192748174285,
			0.05631758324168826,
			0.04498555439899498,
			0.014292507203175278,
			0.04746266824567906,
			0.04362277267406032,
			0.05879557710678793,
			0.13166996790856306,
			0.1311329055477992,
			0.09542053617404914,
			0.1305745682514898,
			0.04574352945297212
		],
		[
			0.022153174395519577,
			0.03209707372820412,
			0.05959048954715861,
			0.04413989528721188,
			0.1476309711127944,
			0.023440582793292357,
			0.05865776911527488,
			0.019161718514010544,
			0.18159361665172133,
			0.1525446026522089,
			0.02195989238446178,
			0.026925930817790638,
			0.05335527940187289,
			0.15674900359847818
		],
		[
			0.01930106672948662,
			0.05621730834135756,
			0.04672466700072655,
			0.13199722963315033,
			0.13838925825696693,
			0.031661506372669034,
			0.0420303402614774,
			0.03932315749002204,
			0.03943799873982043,
			0.14660813848631202,
			0.10235423179468195,
			0.04726149244179045,
			0.11674307916550006,
			0.04195052528603865
		],
		[
			0.06410050827528221,
			0.11144049193722776,
			0.10507187724402643,
			0.10628064253416812,
			0.01412247546588911,
			0.0181939010616961,
			0.038869306844401035,
			0.11234370448693642,
			0.00938361869012739,
			0.039317820603314936,
			0.06936654325346082,
			0.10783696566159709,
			0.11247918780792583,
			0.09119295613394696
		],
		[
			0.022887381825975685,
			0.09396818572129607,
			0.011079448019490259,
			0.06178644393836067,
			0.11174751404936042,
			0.05358319072128046,
			0.06826352817692564,
			0.06120439834334383,
			0.102848519929326,
			0.12392265710776953,
			0.1258531294178201,
			0.017663373622992026,
			0.12838478155894115,
			0.01680744756711815
		]
	],
	"weights_mean": [
		0.0700376300230032,
		0.07512224821803934,
		0.056632302392274875,
		0.07617982195646227,
		0.08404626202220995,
		0.05629929971828684,
		0.07367266502291651,
		0.06780859074111771,
		0.0765585666346283,
		0.07317687880120953,
		0.07194414449815874,
		0.07218534661131583,
		0.07689167251808833,
		0.06944457084228839
	],
	"weights_std": [
		0.04099913093063854,
		0.04198138288624104,
		0.03553379738251984,
		0.04039637216230122,
		0.044891522644229846,
		0.03837252851892815,
		0.038356959222046676,
		0.04095409759758663,
		0.04222046916631819,
		0.043980385969407274,
		0.04080727869227594,
		0.041182563042975455,
		0.042777871629697484,
		0.04317006318238774
	]
}
