{
	"training_mean": -0.1728048780487805,
	"training_std": 0.08971590762459143,
	"training_se": 0.008971590762459142,
	"test_mean": -0.17305555555555557,
	"test_std": 0.21103269742557917,
	"test_se": 0.02110326974255792,
	"metric_names": [
		"width",
		"depth",
		"multi_qubit_gate_depth",
		"total_number_of_operations",
		"number_of_single_qubit_gates",
		"number_of_multi_qubit_gates",
		"number_of_measurement_operations",
		"single_qubit_gate_error",
		"multi_qubit_gate_error",
		"single_qubit_gate_time",
		"multi_qubit_gate_time",
		"readout_error",
		"t1",
		"t2"
	],
	"normalized_weights": [
		[
			0.027099951228853884,
			0.02642762823092289,
			0.05632726743831107,
			0.09991929885944781,
			0.03460385650706805,
			0.08478596865888041,
			0.13117980876623817,
			0.0946234750864783,
			0.1146260770667751,
			0.01559541914037718,
			0.1361196939617778,
			0.015803938540693147,
			0.10074819676039687,
			0.062139419753779235
		],
		[
			0.12042943907120705,
			0.13071273721844698,
			0.11848797466030557,
			0.035952933294435295,
			0.10596387204411227,
			0.10476918977902612,
			0.03668938345555525,
			0.08428589205546111,
			0.08132253879599927,
			0.015906610382452696,
			0.052189645540848525,
			0.021189139172709596,
			0.0773173552652427,
			0.01478328926419766
		],
		[
			0.08850371526588895,
			0.1114152441144731,
			0.02887966089484665,
			0.060758855878903964,
			0.0208101165322365,
			0.10532627261350566,
			0.10863268099790838,
			0.09845901473926744,
			0.10140452200405049,
			0.02072280753978185,
			0.1041973655142354,
			0.052747270223785225,
			0.06479027077404802,
			0.03335220290706834
		],
		[
			0.04466843095487167,
			0.12337481896570253,
			0.11266377705752091,
			0.10015168193793339,
			0.0824853610797804,
			0.015093025357301754,
			0.030560728771886553,
			0.11786027405296774,
			0.04291652167588658,
			0.13694215257740858,
			0.04481805456762399,
			0.05020408563789079,
			0.0867330825570579,
			0.011528004806167128
		],
		[
			0.09797762541434044,
			0.030146596746940032,
			0.05796740008711639,
			0.13164579019900582,
			0.11188313147033577,
			0.02685842849341757,
			0.12258234733455242,
			0.0483634860780074,
			0.017539979507346475,
			0.04875299671583705,
			0.11835810913746751,
			0.1095682494430701,
			0.039736075780786084,
			0.03861978359177685
		],
		[
			0.12025803308826058,
			0.14906011249019488,
			0.01145882949740132,
			0.03743877061854728,
			0.1338750670796312,
			0.10384488081067413,
			0.027593243929857156,
			0.022800989149021744,
			0.13003008978917194,
			0.1378308096255814,
			0.018240819095655007,
			0.059702516895772634,
			0.0328202532142573,
			0.015045584715973413
		],
		[
			0.058511313226807866,
			0.0724166655814961,
			0.01080496521247068,
			0.09546927565950795,
			0.0958867265872896,
			0.03830669692026768,
			0.07540382600482837,
			0.08334621996799378,
			0.03900688342490826,
			0.08561901645050679,
			0.09172570547080784,
			0.08162212204636644,
			0.08248910004896255,
			0.08939148339778617
		],
		[
			0.09920943571538621,
			0.13449120145541357,
			0.12295053396652741,
			0.07902159064495311,
			0.10369254421312883,
			0.0872257874483278,
			0.013086230108117533,
			0.054346884393386925,
			0.05215602681630532,
			0.048122965714714305,
			0.02543367327844859,
			0.08760663590292017,
			0.04757363769004901,
			0.0450828526523212
		],
		[
			0.0327023765356826,
			0.0951714626576447,
			0.01620615176562179,
			0.10674442789748069,
			0.09488212687261173,
			0.058226697033116406,
			0.02450809242675708,
			0.09996089271831492,
			0.08182377968992759,
			0.05544888014964525,
			0.08599283913320481,
			0.06933708610963876,
			0.0869371929177642,
			0.09205799409258976
		],
		[
			0.048352452983672994,
			0.12934859360602294,
			0.11153949183900826,
			0.012430068278357534,
			0.10103357206580159,
			0.012302786604035281,
			0.051330671675862624,
			0.08384928725478584,
			0.10283966422228212,
			0.030657515940785182,
			0.11597010754566535,
			0.10019730452644164,
			0.019444511768303523,
			0.08070397168897518
		],
		[
			0.03459050390672036,
			0.0457850919611031,
			0.1142433131596867,
			0.12681125976620766,
			0.12928033104435452,
			0.021340425115976634,
			0.10964799226012323,
			0.11794102190180634,
			0.012032692126296141,
			0.11917028675100683,
			0.041995208334210526,
			0.04000948167055146,
			0.06638964662035692,
			0.02076274538159969
		],
		[
			0.10583801017112507,
			0.10948887659892392,
			0.06262374260838839,
			0.04569338839049069,
			0.01905702986532513,
			0.10107758364052134,
			0.061008298078684034,
			0.06918956644994072,
			0.1144704921271504,
			0.11874730214154827,
			0.10793234584920604,
			0.04920317442743284,
			0.025048799275598565,
			0.010621390375664497
		],
		[
			0.10138877051704924,
			0.005631288448110819,
			0.06344067477033692,
			0.12394575676989382,
			0.08191169685743727,
			0.048897806021155184,
			0.10939991468089816,
			0.12214466087864799,
			0.0632304616238873,
			0.1136550649535355,
			0.018528272321862774,
			0.037354984216517784,
			0.051649660743467475,
			0.058820987197199845
		],
		[
			0.01753567632221609,
			0.13233282496676602,
			0.05569365753503928,
			0.11739323447214088,
			0.032944039866831074,
			0.015383632727411967,
			0.09812140561673455,
			0.054653988970987104,
			0.011848439788004388,
			0.10034935962989033,
			0.06400835202705946,
			0.1212574723801394,
			0.09857379998544158,
			0.07990411571133797
		],
		[
			0.03377850270558113,
			0.10770176316397913,
			0.06360555019239625,
			0.13012698544659715,
			0.14388454576984866,
			0.024842181506411577,
			0.050846352814102234,
			0.09492984156020787,
			0.022095800493204164,
			0.07656515010253338,
			0.12674716640009753,
			0.021911771341446003,
			0.027828987731257686,
			0.07513540077233738
		],
		[
			0.10600558501489882,
			0.13297265043563009,
			0.05307477346006659,
			0.060565905091834966,
			0.017788320011756027,
			0.08593840038528158,
			0.10709962860149336,
			0.019304935147946702,
			0.12351555095204629,
			0.07687815966481235,
			0.12188594730574229,
			0.013273457240320682,
			0.07100539915851425,
			0.01069128752965597
		],
		[
			0.12113703422499304,
			0.033567180238322926,
			0.13585441482933666,
			0.16054923322914677,
			0.012295787028180365,
			0.022424408239012976,
			0.06856243868349658,
			0.04969563142167649,
			0.13323335318494933,
			0.0272712190665067,
			0.05916462439552519,
			0.01391701269480364,
			0.05354319123526597,
			0.10878447152878347
		],
		[
			0.10800012005095415,
			0.056289575994671305,
			0.014858939233592678,
			0.10828477685358026,
			0.10173621696185838,
			0.03591849451601979,
			0.0755195081436881,
			0.08253642853149694,
			0.07148708344515185,
			0.10965492676966002,
			0.030058786425359536,
			0.024874228161508784,
			0.09922923164297816,
			0.08155168326947997
		],
		[
			0.08949357481771274,
			0.05457994807810538,
			0.11436816591159156,
			0.07433438287771198,
			0.14073156492274552,
			0.07976038626498978,
			0.08740101860869262,
			0.01581591851726821,
			0.035092951957583565,
			0.05748106630222566,
			0.02649379089157268,
			0.012971242389541789,
			0.0758422981757227,
			0.13563369028453587
		],
		[
			0.0917947304736855,
			0.04981117637576022,
			0.0008023118882420137,
			0.09283359026891495,
			0.05373648687532835,
			0.0039013714055064364,
			0.23528382651478466,
			0.03182261358945828,
			0.048870931923497056,
			0.03467064341858688,
			0.06187824919982798,
			0.05328374387581044,
			0.22058432003180453,
			0.020726004158792832
		],
		[
			0.04342177925145572,
			0.0939505037854393,
			0.0214190473138483,
			0.1132568478898324,
			0.12537719477207487,
			0.0703987729978407,
			0.10957627209125922,
			0.06129278413218218,
			0.073042274791986,
			0.06150545662495754,
			0.026510882243007773,
			0.06270536166354129,
			0.03845049260799618,
			0.09909232983457852
		],
		[
			0.020520112155893493,
			0.13309820461179522,
			0.03974919817546616,
			0.12252520347271971,
			0.03192761856622164,
			0.08878835645791018,
			0.06690366650091405,
			0.02116235472602892,
			0.051540324419372396,
			0.040175975311801136,
			0.09219196727602305,
			0.08040923805813281,
			0.08782954810421596,
			0.12317823216350535
		],
		[
			0.01656767768985585,
			0.11929640854310176,
			0.06898865974851581,
			0.04888957956497352,
			0.09113013414735041,
			0.09790104661950856,
			0.08567933318314988,
			0.08948512572782547,
			0.08470071014487128,
			0.07579922877593653,
			0.016272282702486176,
			0.11005579892579774,
			0.04305864459014151,
			0.05217536963648537
		],
		[
			0.08362965105141322,
			0.014682305516066977,
			0.06545754202146745,
			0.07252273617253724,
			0.09948380389059322,
			0.0586462980824196,
			0.10845834748807566,
			0.11102397217253437,
			0.10949598512377681,
			0.06618609531668193,
			0.028524142359487335,
			0.08689203461876568,
			0.03523155592199657,
			0.059765530264183894
		],
		[
			0.10600175645137237,
			0.03164916890734481,
			0.0845798969461423,
			0.10933428269053037,
			0.11143240222171057,
			0.08796918878012135,
			0.03306568841359224,
			0.010913094790960204,
			0.11192057351411792,
			0.0682940107298452,
			0.1095348657574266,
			0.0290290810676691,
			0.0872718828567618,
			0.019004106872405335
		],
		[
			0.15748430467575947,
			0.060791906843373184,
			0.026524760543337148,
			0.02068082136746046,
			0.024997846448408807,
			0.03322910931060912,
			0.01674285508801732,
			0.09657230478093848,
			0.12433190197069051,
			0.05343509134446972,
			0.11873101260045696,
			0.12388016161429379,
			0.03337656966074228,
			0.10922135375144278
		],
		[
			0.06833789391091598,
			0.12869173380311597,
			0.024225713023158582,
			0.1271094258306486,
			0.11567845430664073,
			0.08474625258293275,
			0.1098848478388852,
			0.015015282454063389,
			0.10712780982685567,
			0.06237930631557164,
			0.010106577405423183,
			0.01275641138894617,
			0.0844966915450744,
			0.04944359976776772
		],
		[
			0.016758097036135452,
			0.11752640156444183,
			0.10182794619181638,
			0.018388136719356848,
			0.09340604357769954,
			0.0903088161669904,
			0.03494853473350694,
			0.10096070467176546,
			0.10327801319902674,
			0.09772498666979909,
			0.11153625539407974,
			0.07205244255013374,
			0.021858221591690694,
			0.01942539993355707
		],
		[
			0.0520877506392102,
			0.17142434711587903,
			0.1453565668125741,
			0.14081661350529998,
			0.05271087369706912,
			0.03953506439734569,
			0.07496269207942956,
			0.04196357971365963,
			0.013630400888983152,
			0.027719516618260095,
			0.025236083852910113,
			0.0850565692175022,
			0.03545651846158334,
			0.09404342300029363
		],
		[
			0.021219565231503274,
			0.12489048527246194,
			0.12972687834633506,
			0.06151404018601941,
			0.020305635410188864,
			0.11773071940130965,
			0.012326362735701087,
			0.02019192068329878,
			0.0661439114588798,
			0.13510426239048365,
			0.12575617132448894,
			0.08157184640785786,
			0.05850743627886035,
			0.025010764872611245
		],
		[
			0.06482283248754324,
			0.10522064469639858,
			0.12774043964799986,
			0.1010196808819222,
			0.020175653668628186,
			0.08227443922349731,
			0.1014620899521948,
			0.11594522154009808,
			0.11365823856655345,
			0.011085896403122452,
			0.032388545891928536,
			0.07812459419989885,
			0.034930665043515594,
			0.011151057796698807
		],
		[
			0.031220214975628473,
			0.13280144742627445,
			0.12347524503559407,
			0.08354796695556116,
			0.0529979026655891,
			0.016348038722995385,
			0.12132674480015343,
			0.08619251611950765,
			0.01958687811835566,
			0.1174520798396424,
			0.09953330033248725,
			0.09108904884783646,
			0.011516570360894714,
			0.012912045799479839
		],
		[
			0.020955966048621457,
			0.036249850611991916,
			0.133476374221654,
			0.1331951638033669,
			0.140051751506446,
			0.08233726191500167,
			0.021409940458748902,
			0.05946060319576188,
			0.020931312181653432,
			0.1303240721917337,
			0.014049528409567255,
			0.0530020419845775,
			0.12187221849166266,
			0.03268391497921261
		],
		[
			0.01600515270561838,
			0.11734370449768854,
			0.07994861592237903,
			0.1038522041959408,
			0.019147894055104298,
			0.08903033690419382,
			0.058606874097131625,
			0.10232254570180797,
			0.009033633649999272,
			0.10028226851277715,
			0.08708893314117534,
			0.10022921041540298,
			0.02473516140805857,
			0.09237346479272215
		],
		[
			0.04909434529947909,
			0.14863019700033472,
			0.016719265046216597,
			0.17217067029951194,
			0.03828997232347403,
			0.05685881506635046,
			0.029743766166056618,
			0.04891837244027128,
			0.03299663493904007,
			0.0527833544351652,
			0.14434971214109774,
			0.033415866126595445,
			0.05541243252458074,
			0.12061659619182594
		],
		[
			0.025009468262254003,
			0.01349256974821132,
			0.08044349658642491,
			0.1428327010916306,
			0.13092946226566243,
			0.014653599346710795,
			0.11326337166677268,
			0.12587078473626906,
			0.020654744172797473,
			0.07693015258415174,
			0.05247343309474864,
			0.09186838377798842,
			0.011990648007336402,
			0.09958718465904155
		],
		[
			0.011048731448514046,
			0.02107753176017695,
			0.03756852954089191,
			0.1053157927215721,
			0.12172504145974772,
			0.10840830757735595,
			0.03885425587578501,
			0.059862447860537855,
			0.10493863184833674,
			0.1069711961329935,
			0.10607883674929232,
			0.07846638992683651,
			0.04595098643943668,
			0.0537333206585228
		],
		[
			0.03813439281025672,
			0.1438897678501189,
			0.0970285245313056,
			0.032430518820310505,
			0.09611333842455329,
			0.052347617156940786,
			0.07144073738617988,
			0.019431128562540714,
			0.12836125785949154,
			0.016139349670930028,
			0.08272616835981064,
			0.02012551970164677,
			0.09842394001985766,
			0.10340773884605697
		],
		[
			0.041332198456227355,
			0.14250143405834195,
			0.08845274155190146,
			0.04662089523913043,
			0.028270676245114264,
			0.061139846846406144,
			0.04872320546995311,
			0.06178632019092372,
			0.03600287996743549,
			0.1313071105821076,
			0.017504521344359366,
			0.07942504492646142,
			0.12580093336889797,
			0.09113219175273973
		],
		[
			0.022455181228939084,
			0.08473964413311914,
			0.11192774481599488,
			0.12731765985470445,
			0.14054758118657096,
			0.0038730170175965495,
			0.026444883598948307,
			0.07481342008424008,
			0.04419269224794506,
			0.07484749172411237,
			0.029736442476894793,
			0.05840891782873511,
			0.11737971902373501,
			0.08331560477846409
		],
		[
			0.012750084024583023,
			0.028072226792460752,
			0.012234420900879539,
			0.08903463279443606,
			0.1326230969405826,
			0.038385949918155866,
			0.10651053072461625,
			0.06820141129601491,
			0.04454898191239944,
			0.1322737281791132,
			0.09056207365434978,
			0.12629967213956364,
			0.02646204698107446,
			0.09204114374177048
		],
		[
			0.06819161220385142,
			0.14884254913707573,
			0.06328199395451442,
			0.0560429552320813,
			0.0598719064657648,
			0.023806457525733876,
			0.12128551653293686,
			0.044014638105677434,
			0.06436545141702195,
			0.1249793663103441,
			0.09908754955116775,
			0.08118937624668873,
			0.0255454884930995,
			0.01949513882404224
		],
		[
			0.029668539679255014,
			0.04066394583053108,
			0.014155035852415647,
			0.11938249418508504,
			0.12451770209856527,
			0.08607227616049856,
			0.01468283020106961,
			0.023756394304660037,
			0.115104927688909,
			0.03843885013449043,
			0.11823381285838097,
			0.08981734328382072,
			0.12371251549281947,
			0.06179333222949936
		],
		[
			0.07610077289229221,
			0.12420847585036003,
			0.07221261803725526,
			0.03954198498276909,
			0.055233206403772814,
			0.11754796042326643,
			0.045324752846507256,
			0.08864524241050643,
			0.09773088524104855,
			0.06484211320305756,
			0.05231921764080461,
			0.017339645930836523,
			0.11349292104087336,
			0.0354602030966498
		],
		[
			0.12034523801545698,
			0.14649023289727842,
			0.06039276192711814,
			0.024544627925745903,
			0.10896303670132265,
			0.01896268835706219,
			0.036305324931057856,
			0.02728995690534603,
			0.025101018763204485,
			0.03725049945785165,
			0.012708721580501068,
			0.0797071653036806,
			0.15301655021551586,
			0.14892217701885807
		],
		[
			0.032171730613414454,
			0.05537324208817031,
			0.04947236735757133,
			0.0358575053280049,
			0.03203968887936297,
			0.08191648217709309,
			0.015482292811805274,
			0.12930227241561298,
			0.13689238973594026,
			0.10350747664917755,
			0.09206806095399782,
			0.14769863915115328,
			0.019983849917897898,
			0.06823400192079795
		],
		[
			0.05861560226380348,
			0.10762911133299616,
			0.07027715993737385,
			0.05684531318668641,
			0.042562731253587775,
			0.09051630933871542,
			0.06778076518578409,
			0.04704740197516579,
			0.10599907015134681,
			0.08225788108899591,
			0.10930228365058921,
			0.1094016347131453,
			0.0283313559085244,
			0.023433380013285123
		],
		[
			0.02695898247125497,
			0.0593190509807055,
			0.03298716043174855,
			0.17651345402136248,
			0.17728595415871462,
			0.10132908075958116,
			0.01762287495637836,
			0.08249260505584885,
			0.1312691949430565,
			0.016096912634113607,
			0.020741374644724087,
			0.06645523992740368,
			0.026065976327783374,
			0.06486213868732423
		],
		[
			0.033894138068138936,
			0.1106157696103251,
			0.05901653064808517,
			0.09951030842439912,
			0.027846612736524876,
			0.09161949078212114,
			0.07377146023533691,
			0.09399922261466108,
			0.03590652934689635,
			0.08349943333290318,
			0.032887156065495214,
			0.06577341570323693,
			0.102419118224927,
			0.08924081420694908
		],
		[
			0.03115823926073677,
			0.05697640800450734,
			0.01772809126913431,
			0.18779012314322988,
			0.15097150700799108,
			0.02255775501935222,
			0.035034269000151816,
			0.02417940008735979,
			0.08418673150024912,
			0.040883363409018755,
			0.13628755785651087,
			0.16851149090080678,
			0.023120925818861333,
			0.020614137722089983
		],
		[
			0.08731751874385461,
			0.11519104002996321,
			0.013741609747626019,
			0.058936254432065835,
			0.04699872379610047,
			0.09480796986200563,
			0.0892971421916849,
			0.03481460825160402,
			0.08720516320189405,
			0.041932852538550044,
			0.0206719370792317,
			0.11003938059203566,
			0.0876707970389067,
			0.11137500249447722
		],
		[
			0.09950891642713504,
			0.11859647522563607,
			0.0724556014260173,
			0.011716329342735879,
			0.009801883634719084,
			0.061224255515939865,
			0.016848393453694287,
			0.09936358705514,
			0.10973157022006795,
			0.11336320188855309,
			0.1153431781178943,
			0.01364225440680488,
			0.08859429128934508,
			0.06981006199631726
		],
		[
			0.10017931718224488,
			0.1418269252661246,
			0.029988194469594248,
			0.02215124061941522,
			0.11375655885378375,
			0.1226940723921492,
			0.11152317267913822,
			0.021975789819991993,
			0.022847809064288023,
			0.04986989367484002,
			0.05524886325688738,
			0.1139745295079269,
			0.07387769796438574,
			0.020085935249229858
		],
		[
			0.08195784560452782,
			0.12407751832333906,
			0.013286179216546488,
			0.058922665363953325,
			0.11557156432006704,
			0.07352039111153005,
			0.022791389259749467,
			0.07636503648585995,
			0.1080847114912655,
			0.03958306819493606,
			0.06816259273354203,
			0.07372404080439177,
			0.02709116775962009,
			0.11686182933067121
		],
		[
			0.0956720187607162,
			0.06212555947360798,
			0.10958245490341524,
			0.10613604360603966,
			0.13744944973453552,
			0.010784451181234627,
			0.019330921537065813,
			0.031574217177769336,
			0.10454226635725464,
			0.05617667156419768,
			0.06205227888639252,
			0.1115785577786186,
			0.06764899920998635,
			0.025346109829166043
		],
		[
			0.013752299682208024,
			0.08179426764300265,
			0.11246884194390105,
			0.0861731181032487,
			0.02812461564574297,
			0.10831078551690466,
			0.02883501463770218,
			0.010179428364517726,
			0.0721693514000902,
			0.10354579703587916,
			0.10657606454340017,
			0.10092735496689365,
			0.09462141228966847,
			0.052521648226840384
		],
		[
			0.07988760126954597,
			0.10084615029130024,
			0.08715003536259693,
			0.10593807701891014,
			0.05428677185997138,
			0.013607317207603217,
			0.08356967386654832,
			0.09434557346046406,
			0.036735848687823126,
			0.10115322927858979,
			0.04297507257904583,
			0.10718594893747692,
			0.026627875935318627,
			0.06569082424480555
		],
		[
			0.06177530152116012,
			0.04195656123865434,
			0.09507138438577965,
			0.1506173509976363,
			0.054999593572080875,
			0.11456476097666983,
			0.052534719789591906,
			0.09953109880012129,
			0.013994449508089504,
			0.021176405605447875,
			0.0535631608903285,
			0.08389062199157249,
			0.1279906651288553,
			0.028333925594012113
		],
		[
			0.09355433000888579,
			0.10653712972854887,
			0.057878165738484026,
			0.04094359802871168,
			0.09423624918819784,
			0.09628491664001172,
			0.07812835042967421,
			0.046962519238119976,
			0.09396625070213206,
			0.07574225865449116,
			0.08460268655791044,
			0.06383336949073284,
			0.014092330610554581,
			0.053237844983544766
		],
		[
			0.08839198374230091,
			0.10010232344759327,
			0.0887200828967914,
			0.014508261045116457,
			0.09016865567514734,
			0.08259674962826519,
			0.017449151515991072,
			0.08794157323297777,
			0.08671627602963038,
			0.10090281093710048,
			0.07915224778522574,
			0.013813083886217858,
			0.10336295151044021,
			0.046173848667201804
		],
		[
			0.018687185429701682,
			0.01903932010698252,
			0.014355076441620922,
			0.0691448337304187,
			0.03946616738873051,
			0.012232548395500087,
			0.06792672449567021,
			0.1401300654514895,
			0.13849332281602686,
			0.11064015758814291,
			0.041321070347744376,
			0.0591701842615258,
			0.12574290493923232,
			0.1436504386072138
		],
		[
			0.09098906877760302,
			0.10291182098243659,
			0.011601175919654948,
			0.06586477278295252,
			0.06940770508694818,
			0.09365124816973767,
			0.08288442278703943,
			0.08471896872704893,
			0.05725296905835989,
			0.018301357751293063,
			0.07199540723710983,
			0.09404642506770827,
			0.09160440554427536,
			0.06477025210783233
		],
		[
			0.06004224168300647,
			0.07397436313461594,
			0.09497393633495908,
			0.09700595198816896,
			0.09249563617112173,
			0.09375451685756388,
			0.08395078315546602,
			0.09841885856246431,
			0.028870835301401925,
			0.014592385715178666,
			0.060571739606570044,
			0.09232380002436086,
			0.010701271216996856,
			0.09832368024812543
		],
		[
			0.08044417278415619,
			0.09577525834400166,
			0.14766115399450694,
			0.02405583104435607,
			0.053531773207119215,
			0.01700660029401178,
			0.015702879053235547,
			0.16029473531609362,
			0.014518918924150376,
			0.0391406338100833,
			0.06574910574182798,
			0.15479162539282593,
			0.10365233433262384,
			0.02767497776100748
		],
		[
			0.046088686809231914,
			0.15667573324254047,
			0.013898469306988985,
			0.02845784902925952,
			0.055471629795539185,
			0.07775443208563267,
			0.03530358351853117,
			0.015748731134753512,
			0.08410605111524531,
			0.07945011510163509,
			0.1144205095523726,
			0.13436320348697192,
			0.13751911432307232,
			0.02074189149822525
		],
		[
			0.13517543945930943,
			0.03149060496855767,
			0.027176462272038033,
			0.017441713448008177,
			0.01629523409151169,
			0.017536069804775775,
			0.13303402686437157,
			0.02403441059715736,
			0.06667035824681966,
			0.06511955951576293,
			0.10844351693187636,
			0.12380253015700876,
			0.11393398469819838,
			0.11984608894460434
		],
		[
			0.05530369950118925,
			0.03755333003708716,
			0.05849810175710913,
			0.13870395770607447,
			0.10817314365822552,
			0.03422257491872721,
			0.12810267482480267,
			0.0631395783051076,
			0.016622585141071324,
			0.08394109091220966,
			0.1286536448749539,
			0.01905457739080858,
			0.02759150262535562,
			0.1004395383472779
		],
		[
			0.05038753675032805,
			0.10767812336416921,
			0.043304958860631224,
			0.07192875828594215,
			0.12235506458214465,
			0.030741412883755682,
			0.08052059897325031,
			0.013549687981253078,
			0.10779011969780544,
			0.11005549446125269,
			0.011279591218530772,
			0.09760203944820608,
			0.10658717664172607,
			0.04621943685100454
		],
		[
			0.05383403134633285,
			0.13348187980617032,
			0.05615772184561211,
			0.04391648720865622,
			0.03028536592979575,
			0.13283721675318366,
			0.13186485892671726,
			0.07358619350042725,
			0.028432653355763834,
			0.11329717467703992,
			0.06930951238466485,
			0.1091204748550694,
			0.011325655080275596,
			0.012550774330291106
		],
		[
			0.048459346155059424,
			0.0033499942332750328,
			0.0016428299498633715,
			0.11756488223482228,
			0.04531339098971547,
			0.014375321418229212,
			0.152715129023105,
			0.05037898311193477,
			0.14448906206522988,
			0.1345316267678404,
			0.10539641926702172,
			0.1390857588656985,
			0.014132764701840526,
			0.028564491216364403
		],
		[
			0.047565417222782215,
			0.08684517843921509,
			0.0389866854874814,
			0.050772004788997564,
			0.026911073751289188,
			0.05212048101178869,
			0.11581062057911773,
			0.07194843643883103,
			0.12277449086185575,
			0.1316628332273652,
			0.05251050904405378,
			0.06597771563341885,
			0.12281110252469414,
			0.013303450989109414
		],
		[
			0.020349577511840498,
			0.14707829736266334,
			0.03619077305869181,
			0.04257359398764483,
			0.06453065965384643,
			0.15252321866902763,
			0.05327865871813538,
			0.03813261336158976,
			0.0456764903625627,
			0.05499251390761597,
			0.02589894628581299,
			0.06493222669444969,
			0.10928731332236587,
			0.14455511710375316
		],
		[
			0.05376060108630025,
			0.05720517382233148,
			0.01601478221618982,
			0.036278032401110875,
			0.13459405632838836,
			0.019098084103667742,
			0.09316080054620193,
			0.07087018565798646,
			0.1233113859669906,
			0.05104989130960441,
			0.16171617593250967,
			0.017732718534336476,
			0.04350952441831538,
			0.12169858767606646
		],
		[
			0.00977309787066381,
			0.1125330322828157,
			0.08202434587232776,
			0.1258559196227932,
			0.0806095070743045,
			0.03046580323366573,
			0.08704411710977472,
			0.08833417291805246,
			0.0481012545130519,
			0.06648001296946991,
			0.1161355289238508,
			0.010866046098685333,
			0.05265891025619223,
			0.08911825125435194
		],
		[
			0.10624358937424892,
			0.11593121556412321,
			0.028005254302794633,
			0.01766001883008827,
			0.10720053794144764,
			0.013562892032203771,
			0.03397773172697205,
			0.10433799771132951,
			0.1080907359353082,
			0.10056393730925343,
			0.1066635471330037,
			0.038768752115409616,
			0.10538446562761472,
			0.013609324396202344
		],
		[
			0.0966121769941133,
			0.10712403765374404,
			0.061565374308961966,
			0.01586138117952789,
			0.10075932617634936,
			0.012814004923920099,
			0.043249686626005986,
			0.11877121275898427,
			0.12206236911256443,
			0.05502084739266512,
			0.12664221798152117,
			0.024554940980164933,
			0.031113293580625683,
			0.08384913033085167
		],
		[
			0.06947883075894898,
			0.10606706113506874,
			0.05753024178031939,
			0.07034299532936411,
			0.07519481388489588,
			0.06438949479291096,
			0.03482325801109822,
			0.09804213281132354,
			0.02882616443385817,
			0.05044561456417767,
			0.06970225119293175,
			0.09909071628978947,
			0.08719807013117917,
			0.08886835488413394
		],
		[
			0.11330003440690255,
			0.12428941011611785,
			0.09667890727703118,
			0.07920261048407616,
			0.08398394923450382,
			0.04611018965994513,
			0.04996587282111316,
			0.09856359018860528,
			0.016965938786233425,
			0.0645126527632684,
			0.04217812532847685,
			0.04920196355542766,
			0.1159677095566812,
			0.019079045821617468
		],
		[
			0.08821774723471341,
			0.11928322490320112,
			0.08775238503070282,
			0.06280368138338817,
			0.055379964431475776,
			0.06571302929508345,
			0.10607136642621769,
			0.01864483928895126,
			0.02377232687308235,
			0.014016069314966031,
			0.1007019118863352,
			0.047847504723118696,
			0.1071618516317992,
			0.10263409757696478
		],
		[
			0.0820875789200936,
			0.1214153437162028,
			0.018443143716272814,
			0.10590128572153303,
			0.014261856820959287,
			0.09684183248129065,
			0.09088568800838741,
			0.02031711847454938,
			0.049951632085526256,
			0.11285451368248356,
			0.05621521813185144,
			0.09201725876205757,
			0.11087164256150725,
			0.02793588691728487
		],
		[
			0.11890707475719349,
			0.045271950592274984,
			0.07265860749876492,
			0.12572369845715692,
			0.1175086360372888,
			0.029120057466770714,
			0.034598150408419716,
			0.09241850489272871,
			0.04986769946148486,
			0.12659804332692998,
			0.057987165479029754,
			0.01843030714675464,
			0.08005914157724651,
			0.030850962897956122
		],
		[
			0.09142775106235018,
			0.03401512260408116,
			0.04525709026759873,
			0.1073906593996883,
			0.09016100451716066,
			0.08866626127330449,
			0.10602923236347407,
			0.06583162154431446,
			0.10924340785874587,
			0.010074181823569485,
			0.010299396742843067,
			0.10866917690376024,
			0.05315959917113757,
			0.07977549446797157
		],
		[
			0.07163377834777723,
			0.10325852879318866,
			0.011637779215210451,
			0.05576406224787851,
			0.03277715150151871,
			0.08542883899502793,
			0.10001800193549232,
			0.09685476198908058,
			0.011207974086229528,
			0.07467254831352112,
			0.10004515681902662,
			0.08800777669733191,
			0.11230170380349014,
			0.05639193725522625
		],
		[
			0.13610641848595728,
			0.17670980145648713,
			0.13039520629444973,
			0.02444347623887436,
			0.018002518415874327,
			0.04352874848998298,
			0.04001330450490101,
			0.05567910830423713,
			0.08598160669938595,
			0.015877771659071966,
			0.1630964259513419,
			0.029179089493995683,
			0.051903256372784125,
			0.029083267632656368
		],
		[
			0.09395635451129948,
			0.09692580328991879,
			0.09324825061022181,
			0.061704961639668,
			0.02197494606374762,
			0.11245112256580483,
			0.026655411221856655,
			0.06664322654971079,
			0.012762863743089844,
			0.10832814544094026,
			0.07507936106736934,
			0.12004418330061974,
			0.08908748265788426,
			0.02113788733786854
		],
		[
			0.0789273553512095,
			0.04348946205244322,
			0.004708030949984624,
			0.10822446139430651,
			0.11280578840249739,
			0.005763392698938507,
			0.1267827343538745,
			0.02699834466289332,
			0.08323302662793645,
			0.1075880952966211,
			0.10111753784466872,
			0.11830435412452317,
			0.06278409228640659,
			0.01927332395369654
		],
		[
			0.07475749271819944,
			0.10102398269664645,
			0.014508745175389732,
			0.0569071104570517,
			0.015609807707137732,
			0.07228249664496733,
			0.11035479199259747,
			0.11807834260741654,
			0.0789741239656222,
			0.055262792091309305,
			0.06163882591006669,
			0.02911614915003327,
			0.12452224977149964,
			0.08696308911206253
		],
		[
			0.08964685711190949,
			0.12562641685700493,
			0.023368431591190494,
			0.07306256040940785,
			0.07285389255232094,
			0.1203240150506244,
			0.0722080870894722,
			0.02321326020767262,
			0.14063526459110406,
			0.013626271595732046,
			0.07061388283988264,
			0.03228998993152775,
			0.03497166675368505,
			0.10755940341846566
		],
		[
			0.09807195625498759,
			0.11790811508473013,
			0.07761172678208275,
			0.03615907829037097,
			0.08153516617963266,
			0.08460487788977884,
			0.012668038636782985,
			0.03550492937090414,
			0.09256914511591352,
			0.13335983450174488,
			0.032900948740019406,
			0.05311297903806711,
			0.012623965573880215,
			0.13136923854110494
		],
		[
			0.01296417818695651,
			0.09693466388235716,
			0.018137730814631943,
			0.11856500016705067,
			0.1054133417906971,
			0.11045671879662496,
			0.027474272296812558,
			0.06045179808594741,
			0.012166645359200303,
			0.09945895638263136,
			0.08393592157208409,
			0.06960144007627998,
			0.09863566533634835,
			0.08580366725237759
		],
		[
			0.023108373643682897,
			0.10418400809630095,
			0.014463333888247462,
			0.015941414014051997,
			0.08586262810668895,
			0.020893049014640286,
			0.11511032136728745,
			0.1332250149870413,
			0.04861679028456662,
			0.03329637540725979,
			0.10550039090528861,
			0.10283520659864029,
			0.05531102650921667,
			0.1416520671770868
		],
		[
			0.014479030082600963,
			0.13631776397543385,
			0.013266492505615068,
			0.03274023785327798,
			0.11925534853431781,
			0.12574436181243961,
			0.018277309800216936,
			0.0740406004489513,
			0.025058124277438008,
			0.11808660544088617,
			0.025266302498031083,
			0.11496984096273283,
			0.055459255008878584,
			0.1270387267991798
		],
		[
			0.02161938595446146,
			0.027823685295858394,
			0.07606304639113412,
			0.15791080936369722,
			0.09124705584734957,
			0.027128025997725097,
			0.02526575926893245,
			0.0409675750555129,
			0.17357220228721662,
			0.01754183782643253,
			0.07803686898026387,
			0.03179415408052436,
			0.13562065000500717,
			0.09540894364588413
		],
		[
			0.07087933476655749,
			0.020724709990775504,
			0.07376587903848644,
			0.10749265120364204,
			0.028872466933652596,
			0.07941405579908556,
			0.09947770881271296,
			0.019534573253297972,
			0.13944343535611126,
			0.03577782367091509,
			0.027397337961556148,
			0.06795144537893685,
			0.031126626463002467,
			0.1981419513712676
		],
		[
			0.1052458840697896,
			0.1082121924045475,
			0.03229418340947367,
			0.022187019806563818,
			0.09853326378851712,
			0.0934980964404449,
			0.05586422826842509,
			0.09955759756084352,
			0.02155340089110139,
			0.038402414877633746,
			0.06306780048912325,
			0.10413704658944141,
			0.09749935291722236,
			0.05994751848687257
		],
		[
			0.07033879644865891,
			0.13481566711591872,
			0.026296362998645312,
			0.049495528550007446,
			0.03540743113367933,
			0.11397717628921374,
			0.10925100824524818,
			0.01582442567014484,
			0.12475961657981192,
			0.05886531159257292,
			0.03127575773215161,
			0.1158117332592226,
			0.0821047956626788,
			0.03177638872204576
		],
		[
			0.08600622290564595,
			0.10851458172905237,
			0.10693171564526112,
			0.04233125630849623,
			0.06287346624547042,
			0.018717781172884914,
			0.09385681614792572,
			0.10430726067035462,
			0.01295819032139888,
			0.07688636059385395,
			0.04921206479840156,
			0.10362972422164747,
			0.09517088128157164,
			0.03860367795803487
		],
		[
			0.017143877994886442,
			0.0853539854283053,
			0.10858329000613462,
			0.09035898563892844,
			0.0799357850279592,
			0.10612069493729599,
			0.10276426111661059,
			0.02113970709939335,
			0.09600093579374488,
			0.1061636428997946,
			0.012862299045493918,
			0.05954882649060663,
			0.014508764346788829,
			0.09951494417405726
		],
		[
			0.1017178670539828,
			0.06183241036472193,
			0.08157687575743847,
			0.03458445791216564,
			0.028602792511958547,
			0.12966817674274897,
			0.02039094756519773,
			0.12023795709901734,
			0.1242301824417949,
			0.126165686403591,
			0.07973316815686626,
			0.026644210715915398,
			0.01232929362124799,
			0.05228597365335304
		],
		[
			0.11883613284407932,
			0.08730817191676878,
			0.10521917877981424,
			0.01370549464320138,
			0.011844356882392937,
			0.0899271675035056,
			0.0781451662838037,
			0.08653404147068161,
			0.03626651447353755,
			0.11404747205722694,
			0.11917011821984688,
			0.014971097960859686,
			0.09352518142071865,
			0.030499905543562696
		]
	],
	"weights_mean": [
		0.06567808608570584,
		0.09219872085108623,
		0.06185043209791214,
		0.07840547970662425,
		0.07517788887799219,
		0.06499325535975205,
		0.06957869447760459,
		0.06810102647635832,
		0.07208092341735543,
		0.07304713722927138,
		0.07218355990896108,
		0.0715280084026745,
		0.0697702443309804,
		0.06540654277772161
	],
	"weights_std": [
		0.0360729594504941,
		0.042451151533278955,
		0.03982900906349845,
		0.04377054547714255,
		0.041755362443493864,
		0.038053619651941935,
		0.04116975190824596,
		0.03629495098671373,
		0.0426761102508353,
		0.038195384366425104,
		0.03930741381692156,
		0.03843285554630391,
		0.04072618567669839,
		0.041171263822068996
	]
}
