{"training_mean": 0.42112053873199384, "training_std": 0.04385305509320085, "training_se": 0.004385305509320085, "test_mean": 0.34078215137803375, "test_std": 0.09592478647086075, "test_se": 0.009592478647086075, "metric_names": ["width", "depth", "multi_qubit_gate_depth", "total_number_of_operations", "number_of_single_qubit_gates", "number_of_multi_qubit_gates", "number_of_measurement_operations", "single_qubit_gate_error", "multi_qubit_gate_error", "single_qubit_gate_time", "multi_qubit_gate_time", "readout_error", "t1", "t2"], "normalized_weights": [[0.0038608745395262547, 0.18735556847083681, 0.000388372625122426, 0.2114403523497689, 0.00011230519813521158, 0.00019571818062521254, 0.00018177820458078719, 5.205364253858632e-05, 0.00018713793413049665, 2.0223604143104632e-05, 1.8803473461012562e-05, 0.21875341646988924, 0.2172027373903579, 0.16023065791688407], [0.010680959342423194, 0.16076377736055217, 0.0005836788936793032, 0.2602094880723755, 0.000975018297488493, 0.0005893785180954766, 0.07360693745002177, 0.0037385251079549145, 0.0005498445462503001, 0.0004170529845483938, 0.00016514009220233898, 0.2362759107523128, 0.08091240505657227, 0.17053188352552323], [0.14730688815923323, 0.1365995781639978, 0.027276415650275963, 0.16563831712837884, 0.0005832520453642878, 0.002087725990269814, 0.0386194957721871, 0.0008387220578458594, 0.0002891823042664125, 0.0002975529417324147, 0.00015667119563354308, 0.16601465241298735, 0.14809177937937584, 0.1661997667984517], [0.02273536830250699, 0.2703202362703626, 0.04132624323448206, 0.0018116477977965352, 0.00014542659103475693, 0.0036289240910615935, 0.14516369645466964, 0.0028391665978598074, 0.000554681031401538, 0.0012881725686029618, 0.0003857382091376657, 0.07508606675082874, 0.06994567999753536, 0.3647689521027198], [0.003132561997007424, 0.10159693386207538, 0.22311799226870468, 0.001148267394929282, 4.568300818468781e-05, 0.0046235679441349094, 0.06202961275201384, 0.0004027695837037207, 0.0003351823931298717, 0.00010826311556141873, 4.6289144733745046e-05, 0.14980605368175415, 0.22584825816475376, 0.22775856468931294], [0.17064422683513372, 0.1210087696049532, 0.028043604442930616, 0.09135580267495062, 0.0012727883435512254, 0.07057264483765546, 0.03418529378554858, 0.01406999270855128, 0.0012032566373281139, 0.0063032269561193914, 8.542611528424155e-05, 0.2200913899692508, 0.16204818393941853, 0.07911539314932432], [0.16475940379363563, 0.16639656118134707, 0.0003023412385083186, 0.1286835462798532, 0.00016411203009458568, 0.00037500106537756574, 0.1109447702452668, 9.234980784374343e-05, 0.00029769750874483785, 0.00014950973351103523, 2.594034733714713e-05, 0.15400481730546778, 0.16736321817457486, 0.10644073128843756], [0.23941149669588502, 0.24424997219077343, 0.0030544688788003483, 0.0006334392950687065, 0.00033677781190076793, 0.03892976489783717, 0.04894303666800576, 0.00048291427702189043, 0.0005086912765070732, 0.00012471346215210712, 0.00022783015373140092, 0.029251702850392722, 0.19908866281523155, 0.1947565287266922], [0.016722293536821663, 0.05149951796405761, 0.00030552685489840855, 0.23630991528485928, 0.0009835461423687904, 0.0016283838067551626, 0.023582955306229923, 0.0005557964012574686, 0.00048006550554132365, 0.00037282388307815616, 7.116822165652367e-05, 0.16579534242856378, 0.27233416612818356, 0.22935849853572848], [0.005397725461333569, 0.04266828160040514, 0.0007519737052403847, 0.25682497562510753, 0.0015537938634053777, 0.001284503544773803, 0.16442804656463433, 0.0005808586604738863, 0.002371628303496521, 8.048896183774974e-05, 6.888421587767483e-05, 0.09638994244536905, 0.2829903720961747, 0.14460852495187013], [0.0031725475284807327, 0.055114432541069444, 5.3235335489432975e-05, 0.20197879718187634, 0.0006299521615569537, 0.00022626926810340184, 0.20685762528311083, 0.00027538486774408925, 0.0018436231208075102, 0.00020694254250969526, 0.00029267604159928545, 0.12166535736333604, 0.2092603272738422, 0.19842282949047407], [0.005941919092495623, 0.30821722815245306, 0.0005569814890123305, 0.00029644500533720545, 0.0001840653085278196, 0.0005105348200583659, 0.2147832714228467, 0.00031149501466437313, 0.0006238270094436443, 0.00017149076199060972, 8.640074192427877e-05, 0.031909034815102225, 0.18033624846952628, 0.25607105789661755], [0.1459240975612383, 0.18691277803788509, 0.03316732467211971, 0.06039265421960111, 6.676013185976992e-05, 0.002055937508179997, 0.1749039461837304, 0.0007699527200750826, 0.00015794933534101407, 0.00010882090967417136, 7.524515960172694e-05, 0.18111761263310275, 0.050284850854300726, 0.16406207007329016], [0.016055375726317378, 0.2920691608149354, 0.002838481156442091, 0.002918425968729499, 0.0005042151022063622, 0.003993901696079956, 0.15503099974331505, 0.002494202724123813, 0.00023706298018258407, 0.00018017160562867063, 0.00028122941751978814, 0.08195159653749763, 0.1685090280865587, 0.27293614844046304], [0.033333725283733524, 0.14619009436690628, 0.005901281390351515, 0.22450103941433136, 0.000911403969336136, 0.0005706043540622131, 0.16060748839299427, 0.00022617107416510716, 0.0011215235219762336, 0.00019976540858412324, 5.4624051641352955e-05, 0.011787091445539691, 0.2357725145052556, 0.17882267282112277], [0.21687436171630467, 0.2970974270949956, 0.005020273557599163, 0.00053074532945703, 0.00013546328050777386, 0.005400534881324986, 0.01726388714018671, 0.0009418178000097515, 0.000348305582005725, 0.000814715935789914, 8.94989417761625e-05, 0.026113707009116534, 0.2993225381872613, 0.13004672354366456], [0.005513330733104228, 0.18040112257249966, 0.08067858045790817, 0.09407772041606288, 0.0016819339100191876, 0.020762428110095647, 0.04421708172423554, 0.017443501556968992, 0.003766442058168612, 0.07924265797425617, 0.000804403979680853, 0.1793604163301657, 0.1819803016743989, 0.1100700785024354], [0.015784372824198825, 0.10888066477255155, 0.21539415472666965, 0.0010497268460131785, 0.00016992084232362383, 0.027332268461942293, 0.025271643746591733, 0.00023984980332949428, 0.0009809930206233677, 0.00036197382298716786, 0.00021679524782479903, 0.16596071343331306, 0.21849576032664275, 0.21986116212498844], [0.24492947476541532, 0.19344543596244715, 0.0675928543456367, 0.0035205476481971363, 0.0007806421174181515, 0.0006180770477413095, 0.060634183672051936, 0.0005515466194688901, 0.0004883305788632137, 0.0003392744878303247, 0.00010332400085632626, 0.1741815316964082, 0.0007384790454508178, 0.25207629801221443], [0.0058316089573666255, 0.0021231217210429462, 0.19782349282555148, 0.08826990798747882, 0.0005152420029041803, 0.006467095681153069, 0.09755498090356038, 0.0005823892294643764, 0.00025028243424070595, 0.0009463858511621427, 9.047166774867029e-05, 0.1557921803749808, 0.22355686719948628, 0.22019597316385947], [0.006925111078962949, 0.42919644327356515, 0.00953263144633022, 0.005031877164169759, 0.0008604451008271967, 0.001246147789780368, 0.03258126285169669, 0.003221375787801378, 0.002023615516589166, 0.0013683615746701838, 0.0012451575300244555, 0.24935340361706032, 0.03167411498947077, 0.22574005227905136], [0.009937723554564196, 0.023506558749736804, 0.06805850907422896, 0.08439202886554606, 0.00014097756493495193, 0.16768960351329373, 0.18202558337791197, 0.004477189589468654, 0.0005603458905912755, 0.00014444676528446444, 0.00017594531422521426, 0.12250224563522591, 0.18440947884192574, 0.151979363263062], [0.006421761064177358, 0.08723207369641826, 0.019800903331580518, 0.15906375592360208, 0.0006430770462440793, 0.00037188916008757246, 0.21137142931467337, 0.0009020007147187749, 0.00020419126611698955, 0.00018323715499269136, 5.636802688282945e-05, 0.21458367845180185, 0.12029183536158998, 0.1788737994871136], [0.002323133540037268, 0.00030745231611852784, 0.20746840755838825, 0.09509458722706267, 0.0005380829613948422, 0.002373625139493824, 0.08659308618300172, 0.0005410177811494368, 0.00019735410907347186, 0.00024230803799473165, 0.00011246421884855043, 0.17174745666257002, 0.21646203309649145, 0.21599899116837531], [0.18876730606689932, 0.11353626634137881, 0.0006246808957086579, 0.13983611167423596, 0.03379018999282689, 0.0001539883231392292, 0.01109399475533847, 0.0014836017312196122, 9.27429641341406e-05, 0.00016914484084836737, 0.00012209619981991358, 0.19471843673367437, 0.1543209031280185, 0.16129053635275764], [0.0033004896307514964, 0.16289398748034042, 0.0007483280575610413, 0.16437633310556551, 5.888950763027433e-05, 9.928440139259617e-05, 0.10601943336362911, 0.0008634869586731901, 0.0001826100011565641, 0.0002834419105563861, 8.31470930148989e-05, 0.18170935973016997, 0.19033370641371425, 0.18904750234584444], [0.001417285078983528, 0.13614012348058938, 0.007341535756734029, 0.1944714053216947, 0.0014078600079779312, 0.00046576965788660716, 0.12217797235859627, 0.002633509080444531, 0.0036516196191108898, 0.0003715362665308539, 0.0003763140983398298, 0.05690640246068464, 0.2847017250743471, 0.1879369417380797], [0.004172402413098876, 0.15875053414419876, 0.00013542591403174398, 0.20161475131473292, 0.0010257640225667186, 0.00023353559259590387, 0.05956222996085926, 0.0005745275296968985, 0.0006694984963300368, 0.0003859372829465469, 8.817910810478055e-05, 0.20276075652791467, 0.20369746498126975, 0.1663289927116531], [0.08376616627023763, 0.11934145780609515, 0.19052343762192786, 0.0006232914905351115, 0.00010556654957503401, 0.0027351392981926617, 0.03489451727608743, 0.000885419853735, 0.0002783428804989854, 0.0003850944159881867, 0.00020795750647875698, 0.13158342769334028, 0.21714208984749697, 0.21752809148981098], [0.08137307510718648, 0.11557262053398207, 0.00031947061826257224, 0.15392550051247855, 0.0006452255737862744, 0.001506635698875371, 0.19151747438971453, 0.0006161202248329109, 7.273965081178945e-05, 3.727075756265475e-05, 8.245581099221233e-05, 0.19476686880718772, 0.06764471273206539, 0.19191982958226164], [0.1586401313698583, 0.11309930807145051, 0.0645901868783194, 0.06663675699315456, 0.003583467558444363, 0.006092126923026868, 0.15052358862316048, 0.004961782042378917, 0.00022130931712388766, 0.0032312307788841398, 0.0003110373554815461, 0.1625472920292688, 0.14904254838090059, 0.11651923367854775], [0.0038232449175535665, 0.13630686487022664, 0.0003933387383617505, 0.18629970451427394, 0.000341826229105991, 0.0008140993730666344, 0.16749179015546464, 0.000890767203454384, 0.00041942238363983797, 0.00015402696936162242, 2.2596197789137623e-05, 0.18316752901227182, 0.18313962513965407, 0.13673516429577584], [0.15736545365070007, 0.10771258716904654, 0.00041289741651171104, 0.15003939081708031, 0.00016077253383396748, 0.0005148723267316851, 0.15413235028989286, 0.0024959319222609085, 0.00017049972292441798, 6.696043101187616e-05, 7.217615952051832e-05, 0.16005926547897384, 0.1267815604383587, 0.14001528164315263], [0.019174723251866848, 0.0023858152972973334, 0.1475949981908257, 0.09028811547103976, 0.0012503086273120204, 0.03309942288570336, 0.12706377853904532, 0.0008438648779819709, 0.0006097679309912431, 0.0006546409210873392, 0.00023839366438774072, 0.16006366796274765, 0.22394600174669962, 0.19278650063301409], [0.003299023912104127, 0.30831293864601855, 0.0014574856303411403, 0.00392548188638535, 0.0006044438989834893, 0.003427374566716048, 0.0657874684862965, 0.0015680954799335309, 0.0008849696554263239, 0.0004939683452167001, 0.000515539205304014, 0.1093284648580333, 0.300031619399018, 0.2003631260302229], [0.025726426639565907, 0.15387456403398464, 0.003953181818734329, 0.22556137397246964, 0.0006745110061602629, 0.0022613442908075033, 0.00807880194642652, 0.0003754538136811536, 0.00020047592625759255, 0.0003383167408521834, 0.00033902759880065483, 0.2390194076700109, 0.18053613616304798, 0.15906097837920083], [0.029526299078953114, 0.08313340568521507, 0.02158926049862811, 0.1655143833968091, 0.00019109977510470784, 0.05803511987978676, 0.022052474406141248, 0.0018110449076584143, 0.00037105320456294876, 0.00015879257942177217, 0.0001958445163319033, 0.23540911478913745, 0.15617015838123907, 0.2258419489010104], [0.004010876961477788, 0.1208632867531587, 0.0017686127652325493, 0.15990906736477958, 0.00016175521947831855, 0.004182825499022367, 0.1513054110838671, 0.0016178429027225198, 0.0012616307966161677, 0.0009489650666649707, 0.000307106011218785, 0.21505916247570114, 0.19938988575916838, 0.13921357134089166], [0.031367751917642614, 0.3466229271294041, 0.0021761940444382584, 0.005578999589746872, 0.0008912313084501462, 0.006342735569311153, 0.05574905378922931, 0.001263755853202077, 0.0011000716569848266, 0.0005166403669961352, 0.0004587601993478908, 0.2317860372586014, 0.0034264291107647966, 0.31271941220588045], [0.009354094267634687, 0.36837377905920154, 0.001575328492443817, 0.0010909071231903487, 0.0003453523279754995, 0.002741219156670217, 0.0392699334285978, 0.0038762424031620283, 0.000795998909660531, 0.0006823351635242679, 8.125446955717014e-05, 0.03972982931947168, 0.34991537315402393, 0.1821683527248864], [0.1487098721580481, 0.15147982345482416, 0.006349401829410558, 0.1603170620523486, 0.0002768850723903606, 0.0013893805812451095, 0.05376845649782181, 0.0002700033199782174, 0.0010194607754052093, 5.693714369829481e-05, 0.00013059561336039883, 0.1654423499962328, 0.14575225494705726, 0.165037516558179], [0.012089090682422135, 0.2822940269150127, 0.018246891604462738, 0.0003299056674578856, 3.923634530855768e-05, 0.0024686902266824982, 0.2091280153317425, 0.0001456070321471846, 0.0006801755686053108, 0.0003724151323097406, 0.0003354755784207553, 0.06663346332319627, 0.22748747178543402, 0.17974953480679776], [0.24426156269957094, 0.27406809480364125, 0.002145053029669201, 0.00035757187835122996, 0.0006969081485659334, 0.008704304932582396, 0.02524941163369576, 0.0012944677949327272, 0.001231512482471711, 0.000308830731867658, 0.0001439182251696055, 0.055782597453871964, 0.21225854202826233, 0.17349722415734725], [0.0022517227534167893, 0.1245004271323093, 0.08605946902716884, 0.09631110298871426, 0.0017067146723385672, 0.013011568116795758, 0.1623776250626453, 0.006047269638784791, 0.0015802611480566424, 0.0003292227791389077, 0.0010251843223494622, 0.20536707725561879, 0.16794989915788755, 0.13148245594477526], [0.002111989583258429, 0.2575083139001414, 0.023765581241792153, 0.02165579855515448, 0.0002574122731869728, 0.006718908060292389, 0.05244128811169295, 0.00023286084407758708, 0.0006677998936074632, 0.0005533661605285412, 0.0002564767776591895, 0.1262190970326313, 0.2497477832005578, 0.2578633243654195], [0.005436606204646718, 0.14611669265667293, 0.0030879323064876454, 0.21037744139580794, 0.0019076653930862725, 0.0015180425946439773, 0.041557373681430594, 0.001436089506578942, 0.0005600975926956002, 0.0005675892167834771, 0.00015414303960496376, 0.21459238437920836, 0.21301239523269003, 0.15967554679966245], [0.2465945801630896, 0.27026285379737847, 0.005538139538401127, 0.0006078526250521535, 0.00021881192484302545, 0.004957261094825404, 0.009810481507221214, 0.0015104668337919136, 0.0012993513848988131, 0.0001561639695818778, 7.498810239054053e-05, 0.17464001695012474, 0.1503965114888445, 0.13393252061955657], [0.02049551852381587, 0.3939850528720025, 0.04284404336029978, 0.08567372880052097, 0.0018457245948475553, 0.04833599356636725, 0.025578618901072804, 0.0018078152247819363, 0.001215490412968905, 0.0003523014726685895, 0.0006978443737155403, 0.06220619529394684, 0.004774557361442649, 0.3101871152415487], [0.01288750737977747, 0.3873339812026545, 0.0038856643280503122, 0.005225471821754898, 0.001326886576888449, 0.0038673763131667955, 0.00515742654888182, 0.0031995654665188705, 0.0003221674037885468, 0.0006954932271048632, 0.00013409644025534978, 0.2299543895599735, 0.189973839050745, 0.15603613468043967], [0.0025405913889965347, 0.10874035861702175, 0.00020152129267089479, 0.16758657586847842, 0.00011586710957824243, 0.005882349264740609, 0.14540860220359897, 0.0026473865876698796, 0.0005097621676896649, 0.00022457349229241104, 1.889726308470595e-05, 0.21796850120524286, 0.13188728487237666, 0.21626772866655825], [0.006725550349325401, 0.09894384020604445, 0.007579147164863835, 0.18780654015114676, 0.0004350819744495527, 0.005048430196575556, 0.16505915342844177, 0.003443341836591931, 0.0005190520495007535, 0.0014381830000257958, 0.00027778073626044, 0.23586351495098978, 0.09629791522039423, 0.1905624687353897], [0.0017340846358176556, 0.3075087232996356, 0.03710185159636671, 0.04132149097372287, 0.001423791967878609, 0.011852333070765888, 0.040057388105386976, 0.0047126464062515775, 0.0006070064564805075, 0.0003228836865417227, 0.0010466253950596645, 0.25175934198914934, 0.24888458615198655, 0.051667246264956286], [0.08307201093862368, 0.0014338056834968921, 0.005301380038519197, 0.11516208488878499, 0.00011201863481593708, 0.19572532932131256, 0.1477294594770307, 0.0005296007614046643, 0.00017681261634090902, 0.0006299435033076735, 0.0001678726570120409, 0.19778537706867794, 0.14403867718284172, 0.10813562722783113], [0.0024769284875165664, 0.16087769840345148, 0.0005274209921494487, 0.16304088489155957, 0.000399606224285655, 0.00027040879427144856, 0.1346884632694168, 0.000453298062457282, 0.00037906307051352, 0.00032073086863830595, 9.893041734491156e-05, 0.20425122598919285, 0.1296647442409609, 0.20255059628824137], [0.004748719201810747, 0.11858149390667079, 0.04449612293457278, 0.211764449046858, 0.0001555234055313259, 0.0029742045590228326, 0.0031230380359717484, 0.0015852598341068158, 0.00022298701421811807, 0.0006328493957623081, 0.00013687432782990232, 0.21730984873454923, 0.17925838784626177, 0.21501024175683353], [0.05402808805601003, 0.17136084059506923, 0.021556439462428318, 0.019657802915472897, 0.0030777261464250047, 0.0049352345166072354, 0.2503747743374351, 0.002137588612076746, 0.0013722565185608564, 0.0006550842675917008, 0.0010551296125679741, 0.11135794573812317, 0.28141685857043436, 0.07701423065119743], [0.1633803114405387, 0.21360381456032768, 0.0003499449737420756, 0.0027314912036875364, 0.0003977755605436613, 0.00016234815909799263, 0.21305276699703996, 0.00014285501166154055, 0.0004927380131950109, 0.00017944467059480038, 6.224460149722557e-05, 0.07599740590587911, 0.19314386570204892, 0.13630299320014594], [0.23749457514385583, 0.24720723704792386, 0.00034992978558293585, 0.0018213769516507122, 7.239550367803333e-06, 0.0008624454714008619, 0.1732282341413159, 0.0003568215712866807, 6.209546096777695e-05, 0.00021950156963481809, 0.0002581571658133052, 0.016570112577176586, 0.08382997098145747, 0.23773230258156558], [0.011376355821599073, 0.20697107207700785, 0.04201507352045419, 0.07159459599358331, 0.0046269666036041135, 0.03423921824098309, 0.009879235241738093, 0.007108803633269108, 0.002996800950489432, 0.0017990263534974375, 0.0006149613543995733, 0.25573564599443116, 0.24850936912130905, 0.10253287509363444], [0.021121856991911866, 0.17504666937585042, 0.02670492415310989, 0.05154153504915139, 0.0006477163555712913, 0.025992856804865506, 0.17278901826719373, 0.00964473766970694, 0.0018297908951304027, 0.002584096621973962, 0.0004803467049133349, 0.17511822159475554, 0.1678090424747868, 0.16868918704107902], [0.07882305127933315, 0.241144487996951, 0.000835336350105042, 0.0007185087590019624, 0.00029979622279248256, 0.0005813295990098889, 0.239218112631536, 0.0012589160091725957, 0.0003873390258453406, 0.000774493727107406, 7.108387335162932e-05, 0.07207345469920558, 0.20121867184793965, 0.16259541797864804], [0.0034311936569385404, 0.0013467280040646028, 0.21361697634347945, 0.09512613687862258, 0.00014528767585706776, 0.0005951190832547488, 0.03550041222836792, 0.0005920087737289827, 0.00035608958647979666, 0.0004984971061679733, 0.0001329310645991444, 0.19415578714662973, 0.2311620774221506, 0.22334075502965892], [0.0066338550683746975, 0.1450939200389822, 0.0036233811953336266, 0.1521953952721253, 0.0012182030528753761, 0.0026216583287181853, 0.15135165157350336, 0.0011826046433639247, 0.002216311992597461, 0.0001547309765478207, 0.0010058868457769104, 0.07296711932901227, 0.2331289628007427, 0.22660631888204624], [0.10587114915843288, 0.10058540172689893, 0.003018883397483602, 0.10722322022815875, 0.0002699574479265624, 0.0015203260913650319, 0.15573790346420682, 0.0014145706185240022, 0.0008482898646286821, 0.0015846594801659747, 0.000195799267938978, 0.12949234545547242, 0.18947552680386628, 0.20276196699493118], [0.017967789276757143, 0.03643443588875328, 0.0001553070381953926, 0.22866363748157892, 0.0014486473484086955, 0.0007316344707847783, 0.0811566046682848, 9.119267568073431e-05, 0.0006987698656021186, 0.0002201199750882956, 9.151098243997946e-05, 0.1573481028313884, 0.26718887129951063, 0.20780337619752684], [0.004048835405819135, 0.30463386806633297, 0.0003537019693284598, 0.0007796405383817494, 0.00034263710598326916, 0.0010761099982628589, 0.03879072533751785, 0.0013258784118679986, 0.0003169741510185212, 0.0005375113305926042, 0.0001474107592828776, 0.13090467178528767, 0.29035994786574754, 0.2263820872745765], [0.011554216174566452, 0.24879661034974904, 0.00607384975180756, 0.0016509008030639537, 0.0009187832866470858, 0.0035831378428388184, 0.24223844637725292, 0.0020133128341909786, 7.567942017076138e-05, 0.001208938855621086, 0.000381843023823576, 0.07958050393491457, 0.17699520718353356, 0.2249285701618198], [0.007398392362083757, 0.2878864637500836, 0.0020161619791824897, 0.0014245070254441524, 0.00033054353988485984, 0.0036470378121910003, 0.14838394289874476, 0.00047918057455600906, 0.0014920680629297643, 0.00029865994695919303, 0.00017469511123030813, 0.09765806931875048, 0.28778221901533135, 0.16102805860262823], [0.0054443612864211455, 0.14393687990835666, 0.0035002905993988505, 0.1872598337768174, 0.0001425438287534426, 0.00021666197911962562, 0.16846275627890242, 0.00016885161752563433, 0.0003547144028609141, 0.0001343262226355184, 3.6196640128797005e-05, 0.1861729103675812, 0.16938412455634666, 0.13478554853515162], [0.1867927156178075, 0.22360408684639424, 0.013924040479915193, 0.004399427941424222, 0.0002555298333899793, 0.0214334213611201, 0.018404676004433376, 0.002370461683360057, 0.0011396249251479247, 0.0002626247860479446, 0.00014408994203695338, 0.08140847409362634, 0.2280131966004579, 0.21784762988483844], [0.0060966715555927625, 0.2703484492397574, 0.013646673869679948, 0.0005079698924947837, 0.00028157349675492503, 0.01303298478126925, 0.16309349561921713, 0.00039054434711040703, 0.001758658828142452, 0.0006623650491496174, 0.00037125033824679255, 0.09603205422070217, 0.11761282907258826, 0.31616447968929406], [0.04146850515276134, 0.2000575383239627, 0.0845151937918185, 0.08659429791768596, 0.000792438426254938, 0.003069967227243431, 0.0994762170884815, 0.011101535241369606, 0.0021067945203998278, 0.0009835347993879045, 0.0010069045900162911, 0.199341397279085, 0.2107583655620031, 0.05872731007952987], [0.024382901498640083, 0.19145816902603088, 0.0373389155063051, 0.0411191930001011, 0.0026291403126415896, 0.007110117223852673, 0.19686899666110372, 0.005163279333857032, 0.002254302771290686, 0.0005401100364670368, 0.00047844597378439885, 0.19842856118957397, 0.19555777506919103, 0.09667009239716078], [0.039569517015437025, 0.1757983318464086, 0.165228874755145, 0.1660665749464498, 0.0004537032182737176, 0.0018898551894004226, 0.11215475093144181, 0.09294267810675778, 0.0005857991293296532, 0.0005310991389881344, 0.00021875532597642953, 0.08941210834143935, 0.14644678891512536, 0.008701163139826865], [0.1601665812782102, 0.13539316687674893, 0.00027911758859326923, 0.155871100363817, 0.0002482524753191261, 6.053539780771785e-05, 0.16367368904548818, 0.00047913805186374983, 4.785950730873374e-05, 4.199686282280738e-05, 3.490295759250086e-05, 0.11486559778376759, 0.12096544221007678, 0.14787261960058354], [0.17108916047281575, 0.027029500861656612, 0.031073786121293107, 0.026407015951550233, 0.005400251512393267, 0.10437124456788831, 0.16969531610992153, 0.0002728159226405765, 0.0003125775192307923, 0.0004233436816321819, 9.021097748325992e-05, 0.1175142214907447, 0.17774845780876655, 0.16857209700198317], [0.0030349048727184567, 0.10992396163588411, 0.0005161687852483826, 0.23216933887720279, 0.00048453085862242343, 5.993247463708459e-05, 0.06666431924556261, 0.001319251001984605, 0.0011189110938421747, 0.0006009484352483622, 0.00020331402340536, 0.27911193938069456, 0.09709728066955504, 0.2076951986453941], [0.23607701902648803, 0.12914305942609375, 0.0006405608348263665, 0.13878737531792562, 0.00026358496424699874, 0.0014779637736408583, 0.042848151018931094, 0.0009235604078951045, 0.002853244223571385, 0.00039722491522848035, 0.00029137502627725904, 0.044153318827846046, 0.2518863392985809, 0.15025722293844804], [0.0012280203075037861, 0.14108507590496158, 0.0007349432848543565, 0.216540566980136, 9.223456291489089e-05, 0.0003681235641948846, 0.014783169577330455, 0.00022377371455428477, 0.00014391775690955624, 0.00018560386357471456, 4.726996895041034e-05, 0.21721552511323017, 0.20682318708823014, 0.20052858831265483], [0.023549878485179115, 0.24062035664143516, 0.04114862044558749, 0.04435378914221403, 0.001704246951324825, 0.007226305412810832, 0.23839071269192405, 0.018572236322370747, 0.00043071385034147176, 0.0002962236915638672, 0.0012438479396880689, 0.19321509071976137, 0.1392738182952253, 0.04997415941057365], [0.12739302943659078, 0.001967011990309089, 0.12809269709893614, 0.13539983935458358, 0.00043877749200366785, 0.005701037292987446, 0.1384348069888691, 0.001031483858525597, 0.0018641816514130946, 0.0004693752136266272, 2.4828286305464413e-05, 0.15382996834563098, 0.152242292586189, 0.1531106704040294], [0.0019381546394652894, 0.3192193565330536, 0.001484013742702419, 0.0012689071423471609, 6.921983525599148e-05, 0.001052729977068259, 0.10125949000716808, 0.0009910149515753375, 0.00034975595793350844, 0.0009566221689344213, 0.0002521026282251378, 0.07872140027005817, 0.27927324025924105, 0.21316399188697155], [0.20042237700468163, 0.20328957615525836, 0.000149469191640156, 0.13122852779895047, 0.0003018032356205786, 0.0002456507688715635, 0.2036086193327109, 0.0010022707187056152, 0.00015023181027817368, 0.0002939446823591284, 2.9694756584052912e-05, 0.04472626063306853, 0.2037193018454518, 0.010832272065819012], [0.003508489523864918, 0.31456498358228846, 0.0004877328435275199, 0.001370743030934619, 0.00013558324095615232, 0.0014100181980127625, 0.08732833676648717, 0.0005031229127363293, 0.0004863036729853713, 0.0006642205008782321, 0.0006641486896929762, 0.1005435733336025, 0.17579901186929794, 0.312533731834735], [0.0017491344005775443, 0.25763533168970937, 0.004342245801986206, 0.019495181181572126, 0.000299476960042519, 0.018587446847947813, 0.2522169980028716, 0.009092115037347278, 0.0005044632986117921, 0.00017297383059016328, 0.00041532175009720545, 0.19177637402516123, 0.19343431016163498, 0.05027862701185027], [0.01169992110131444, 0.18595578801404977, 0.006028115536938999, 0.062147947799579606, 0.000753027627576304, 0.05869972954304233, 0.08392630207600231, 0.002421577941497981, 0.00073075326425409, 0.0028855108569365013, 5.171758328140066e-05, 0.2029565706134316, 0.20897470533081322, 0.17276833271128142], [0.1806366490947053, 0.13392447698875065, 0.005622273682614072, 0.17943825785770678, 0.0003382239658238779, 0.0026709687609445627, 0.1337869658670354, 0.0013773359884394056, 0.0004708750375185339, 0.00015289116272480975, 9.302305362296222e-05, 0.17488686202007458, 0.09328854456667204, 0.09331265195336684], [0.18562490050476965, 0.04259162415727526, 0.00033591566790672743, 0.21253559610892445, 0.00017552212199598797, 0.0015338886893588183, 0.004888171780587597, 0.00015740172526909594, 0.00010014037159395085, 0.0001258699107449307, 7.877336945129517e-05, 0.12769647674011056, 0.2157265770785072, 0.20842914177350472], [0.0181970025833512, 0.0006048027201089528, 0.2035889808389218, 0.08437380112869364, 0.0004800351215829422, 0.008414822779984909, 0.0906573822606842, 0.0015202821814663948, 0.00031086347347448177, 7.620843632667982e-05, 0.00022932848989363783, 0.16971606050809168, 0.25662653823005405, 0.16520389124736531], [0.004548416069814053, 0.21551326700276593, 0.003169581379053089, 0.005984345657022491, 0.00018846906552580332, 0.1008378007195293, 0.14476861680763262, 0.002617256122700741, 0.00014574892735813656, 0.00074685231080163, 4.899483906994976e-05, 0.10511577173712283, 0.22539107226915936, 0.19092380709244408], [0.14937588186055606, 0.15722067033959033, 0.000379649706754742, 0.12135204669486267, 0.00015493882800375825, 0.0007233573798024549, 0.1415958502136735, 0.000863916202691796, 0.00026607032910345833, 0.00025090526816906876, 4.9147124687654924e-05, 0.16893283101481088, 0.1668532978691296, 0.09198143716816416], [0.00546862913078422, 0.126736939669201, 0.03379699935998443, 0.17146390661110572, 0.0005922793474132879, 0.007806950476469485, 0.19896564535678318, 0.001354722811589707, 0.0006537168707824789, 0.00020757276054456046, 4.0525688385424336e-05, 0.19460279867109434, 0.08099244311531426, 0.17731687013054795], [0.014341045656228821, 0.1873454799250794, 0.047998458247758155, 0.07424412720340139, 0.0005056281066648938, 0.027764389252494324, 0.19347700166185477, 0.00325673772523107, 0.0013744987192151287, 0.0018564813543843033, 0.0004393820760017496, 0.18727839335739133, 0.19356548715909774, 0.06655288955519695], [0.0019627145605362766, 0.10003980137349715, 0.0015468671031804045, 0.22231954104614615, 0.0010588183182228986, 0.002893200259296863, 0.09319384516132716, 0.0020185974205132393, 0.0001464436884131842, 0.0002040559930827588, 5.052969827689022e-05, 0.2511778835825918, 0.13769303464565893, 0.1856946671492563], [0.1806866202780755, 0.20847577370786466, 0.020946169357768992, 0.021991852131035907, 0.006122188952146051, 0.007209879862660344, 0.11427002679953144, 0.006914500671953293, 0.001831161274050285, 0.0021513823019283155, 0.00021045576241736645, 0.21038300581389768, 0.1300619460265112, 0.08874503706015906], [0.05507714440308127, 0.39890933244746013, 0.00045600443140810274, 0.0012336867144709955, 0.0008073010428724935, 0.004082735519388926, 0.027933787043046273, 0.0003945751860205502, 0.003735312043143959, 0.00019956358856483943, 0.00013631241893436707, 0.006888338258707712, 0.3088067021936975, 0.19133920470920285], [0.01956807573033886, 0.1293903960211049, 0.05163203179834791, 0.0014763111065000244, 0.000582074152620104, 0.15460463645490494, 0.021752307155776095, 0.0017237725427612944, 0.0006010757772010033, 0.0001316805072444857, 0.00013327549369250406, 0.11096879673137132, 0.2551367224671996, 0.252298844060937], [0.14283375593428932, 0.2615206370168327, 0.0014181126829685502, 0.0021987797056523283, 0.00023784205733205297, 0.0011896995775227172, 0.12763505633017172, 0.00020513668580792677, 0.0009879058369075932, 0.0009460210455511684, 0.00018430850388461654, 0.06772637680811931, 0.24909578772056906, 0.14382058009439094], [0.029850937644305194, 0.27253783848787483, 0.03041556141820835, 0.021920414401788563, 0.0005959478105917221, 0.006085912720588487, 0.01791874579098489, 0.0011767848634814209, 0.0031531417877256928, 0.0052709264166335805, 0.00028754513853877203, 0.06964928038500055, 0.27294127351880043, 0.26819568961547746], [0.0022569722841820905, 0.08311282929100836, 0.0006329877035249101, 0.20917069789392528, 0.00034486837727277256, 0.0016800023057664724, 0.1699706942293609, 0.0008291422804031031, 0.0010264255074875087, 0.0014136386720537152, 0.00015519625245404164, 0.24301912938939157, 0.1101362860463158, 0.1762511297668534]], "weights_mean": [0.06064011186021863, 0.173927748872233, 0.03227112676359928, 0.09468223291031387, 0.0011075261928609732, 0.014530250312032065, 0.10773043895860901, 0.003138365146824087, 0.0008669635865373482, 0.0014446323100871556, 0.0002555125964793562, 0.14970312462419647, 0.18451871401866224, 0.17518325184734668], "weights_std": [0.07809722401310387, 0.09952942856871824, 0.056945087104947945, 0.08327774196466131, 0.0034434413969263544, 0.03362925706860645, 0.07112642081313658, 0.009604806538063048, 0.0008510212427924503, 0.007875817096770654, 0.00027865664826846794, 0.0665252219514601, 0.06942117753188129, 0.06459175285879189]}