{"training_mean": 0.39604645964630486, "training_std": 0.04498060538506335, "training_se": 0.004498060538506335, "test_mean": 0.3521785737791621, "test_std": 0.09210386570826692, "test_se": 0.009210386570826692, "metric_names": ["width", "depth", "multi_qubit_gate_depth", "total_number_of_operations", "number_of_single_qubit_gates", "number_of_multi_qubit_gates", "number_of_measurement_operations", "single_qubit_gate_error", "multi_qubit_gate_error", "single_qubit_gate_time", "multi_qubit_gate_time", "readout_error", "t1", "t2"], "normalized_weights": [[0.12748890704845228, 0.0807830426079349, 0.12243091337133742, 0.12307647192216284, 0.00014230015813998382, 0.0007880214243161054, 0.036339318666628956, 0.12781208368898028, 0.0003443595541776544, 0.0003153083181874862, 4.1106715788111524e-05, 0.1277365955751882, 0.1277590302031556, 0.12494254074555018], [0.17967239471396257, 0.13470984587740673, 0.00010136141092964419, 0.16633689457542145, 3.9440485605461506e-06, 3.092276976201115e-05, 0.0008968764124518324, 0.0001062585738920415, 4.83536417972745e-05, 1.8526915533188762e-07, 1.289429397236358e-07, 0.17970581880871928, 0.17917172176390384, 0.15921529319109765], [0.009982039396693046, 0.141122442833202, 4.478175085313197e-05, 0.14080132275782062, 0.0011792266256336562, 0.0008128011450544677, 0.14114827374641548, 0.00031808934634115456, 0.14114465153799066, 0.00010051945008875775, 1.719612500654692e-05, 0.14114747291333768, 0.14114385004122368, 0.1410373323303392], [0.21555445413564853, 0.21652010975564367, 0.0020752750565814493, 0.0017306201490326011, 0.0005175055558380333, 0.00017308326325558043, 0.21651271069920783, 0.0005590637712846922, 0.0009092340342932996, 0.00023315763043326685, 9.449010922146014e-05, 0.029379128783393237, 0.09922721119208087, 0.2165139558640856], [0.0013932962971060466, 0.2216073692654924, 0.07092258030269892, 0.00014568746354753518, 3.079350977190477e-05, 1.070045819706249e-05, 0.031663983737059045, 8.001747078463083e-05, 0.008967304526217157, 3.939664611535601e-05, 1.9958004456023852e-05, 0.22168374886328626, 0.22173960683862246, 0.2216955566166452], [0.0017621057224383413, 0.12326045451394468, 0.04289703958388482, 0.12313974650290545, 0.00021203963285010201, 0.08046595335458592, 0.008788487176883035, 0.12312841147565665, 0.1216607224527833, 0.004285639306093993, 0.001012417565851205, 0.12314017695641541, 0.12316199278394725, 0.12308481297175976], [0.0010113028191522835, 0.16215616774115293, 0.16216394868023482, 0.059105079881428525, 2.3902514275794275e-05, 1.5485818366293047e-06, 0.020903550657830425, 0.10803416366896611, 9.595287911186217e-05, 1.3201071738819745e-05, 9.57767818195736e-07, 0.16216473698394013, 0.1621607773100273, 0.1621647094424863], [6.09720009546234e-05, 0.13774661063556284, 0.002046798480372407, 0.13748532051194798, 5.764372655548456e-05, 0.13549672660286546, 0.03327817255687146, 0.1379231931443548, 0.0021604910464668742, 0.0004885952403839587, 8.565265472242793e-06, 0.13794986452182445, 0.13736532919167177, 0.1379317170746956], [0.18314759188037735, 0.18207415264311375, 0.040070752947396274, 0.0400768462424788, 2.2364139358938084e-06, 3.47488890098544e-08, 0.0001391191988722661, 2.5339957634187314e-05, 0.005635468155217463, 1.0391277083781352e-05, 4.297008037868144e-06, 0.18260248750692248, 0.18280386662064413, 0.18340741539939673], [0.1594654104774949, 0.00015833071229959416, 0.15945419258579083, 0.09947007297943077, 0.00013164439696086328, 0.0015558172350529464, 0.1593821527069648, 0.0004864535452959634, 5.69229926398019e-05, 0.0002227725261356614, 4.210439552695487e-05, 0.15954999068804512, 0.15902104579429674, 0.10100308896406511], [0.0005432459066294129, 0.12925102219156934, 0.08715443519696121, 0.12863658409344456, 0.002023686850619708, 0.04351900019409505, 0.07783475586699493, 0.12835593510905152, 0.01962286479696329, 0.0002272349982990416, 0.0037919173565807455, 0.12595490879479976, 0.12851303008110684, 0.12457137856288449], [0.12295657492573416, 0.12343520101136696, 0.12278291710352104, 0.12268760408946154, 0.00010431593547422343, 9.691357333014502e-06, 0.01435367978872385, 0.12333730294310559, 1.873394493311745e-05, 1.7861034094684572e-05, 9.84921811819632e-06, 0.12353949758709894, 0.12352213516241699, 0.12322463589861758], [0.0018689410672273119, 0.09695580732072621, 1.7907806979919872e-06, 0.21220575718377907, 1.0981041642125002e-05, 7.1011199409538225e-09, 0.17327909924045823, 0.00011489817802063314, 2.635688622492829e-06, 6.84635569457832e-05, 1.529570730250719e-08, 0.21223064552862567, 0.12289701338768888, 0.18036394462873825], [0.00035361899434813144, 0.18481761271946348, 0.0042771884301456625, 0.18481846413692293, 0.006793991327908392, 0.002515695174538643, 0.06124585199437223, 4.075000607815542e-08, 0.0006987825346629576, 3.745790506941481e-05, 1.2208059316465557e-05, 0.18481869189280906, 0.18481867960173962, 0.184791716478697], [0.13089697817553458, 0.08019075727856033, 0.12356610051311398, 0.12929695445921047, 2.7534337315086552e-05, 0.005756431703351467, 0.01786432051594903, 0.11792940957811474, 0.00010146713951823843, 0.0003087163524509772, 8.75119017723766e-05, 0.13140070616125013, 0.1311689956414741, 0.1314041162423844], [0.00786728932520658, 0.07574972977220286, 0.11574369870344488, 0.11489050222195782, 0.07890099816415216, 0.0022756130386834745, 0.026432348967764092, 0.11574265130033415, 0.11574411166323448, 1.9362367446407298e-05, 3.650153989381283e-05, 0.11519381823905728, 0.1156667636565481, 0.11573661104007409], [0.0008106892867042851, 0.18554107777936144, 0.00238400442845842, 0.11318973865061654, 3.527427527699122e-05, 0.0005787122025292473, 0.17667125283547455, 0.00015397705366365877, 4.4141884370645944e-07, 1.0475929907581254e-05, 1.865083046450739e-05, 0.18557108454353916, 0.14959451466057183, 0.18544010610458803], [0.0007922460909079713, 0.17900858014056364, 0.11828918942427723, 0.11582357375300976, 0.002649737219326765, 0.00019942603307894282, 0.0002783596138614236, 0.17741080916050883, 0.000243597059914575, 9.215152068605354e-06, 1.671993586729772e-05, 0.17866200732450735, 0.17887096109133852, 0.0477455780007693], [2.858146355567352e-05, 0.12072420129081235, 0.21462076551538178, 3.9245043580611784e-05, 0.00044041786121100894, 2.8688711858097236e-05, 0.07314662265650088, 2.9154371911155e-06, 0.0001222957306696852, 5.47986186375952e-05, 3.071429821927024e-05, 0.16185537874933742, 0.2142883788451626, 0.21461699577788185], [0.00024104980822165086, 0.12977837064937353, 0.1316299276198297, 0.1316219550118698, 5.923022344025002e-07, 2.1229188322838854e-06, 0.029268043676039916, 0.1427426794406889, 3.8918559152069924e-05, 8.885390505147652e-06, 4.296024945458379e-05, 0.14498160875464955, 0.14498330612266241, 0.1446595794964861], [0.0006248565748602458, 0.13411127557676342, 0.06105470334615072, 1.6127491314861967e-05, 1.009990815059809e-05, 0.1341010154759143, 0.1340969097055973, 0.1337216485365766, 3.5468214128505474e-05, 1.4161699537403832e-05, 1.2345658791606476e-06, 0.13411141432639162, 0.1340836280966709, 0.1340174564820644], [5.4196866889536874e-05, 0.24170272307130158, 0.0007451659898937017, 0.02872047859794857, 5.324539150870417e-06, 1.0787940869862669e-05, 0.0022716672523961385, 1.5245755915076526e-05, 5.195406916758535e-05, 1.4984115820278433e-05, 6.133225799318902e-07, 0.2421569346036608, 0.242137097796492, 0.24211282607791412], [0.008142478654249753, 0.15582140218648188, 1.9749730948232116e-06, 0.15557431917551148, 0.005357710349927182, 0.005110344056928256, 0.045337172536306064, 0.15586788553013708, 0.0010717062163242486, 9.633438475551468e-05, 4.257907198748784e-05, 0.15587002927730756, 0.15584558692895922, 0.1558604766580295], [0.11788335996600681, 0.11788602013690708, 0.07738433934713307, 0.03225676540247919, 0.05482077336124804, 0.009708697431530423, 0.0023417066495267846, 0.11732582516628873, 0.11761705383518609, 0.0036404244447339313, 0.0005017341006245045, 0.11309533028947208, 0.11762205993837309, 0.11791590993049031], [0.0004710155108526261, 0.15742570166123437, 0.0886596378179931, 0.08863742850531482, 8.632293924364456e-06, 6.971061252901969e-07, 0.035609215257847264, 0.1566187538483435, 0.0005547194639330126, 2.4919451589473333e-07, 3.7659818103114814e-05, 0.15715918794031825, 0.15742874495324471, 0.1573883566282496], [0.000245551038399907, 0.130439314019686, 6.831715640011655e-05, 0.05482588361122799, 5.09235860727903e-05, 0.13045404487371035, 0.03174638772494394, 0.1304528101064264, 0.1304118162701691, 2.115951715971586e-09, 1.5956919504886865e-05, 0.13039439358178892, 0.1304403356589536, 0.1304542633367643], [0.00028703921523097996, 0.12966203078576322, 0.09252917317796545, 1.5174612691943922e-06, 0.09705600464626785, 0.0045312185903813385, 0.12956684871321822, 0.12955929756994353, 0.04106077687990375, 0.00043202022152239144, 0.00032359883682333646, 0.1164766498951123, 0.12892551186879644, 0.12958831213780214], [4.9703351138643234e-08, 0.2394236299463386, 0.04655518634534332, 1.8896895095419446e-06, 1.8999806006618133e-05, 8.757529735043213e-05, 0.2313901494107841, 5.700000272367681e-05, 9.556126381025965e-08, 3.6053543106061455e-05, 5.798792848584265e-08, 0.2395101958675708, 0.003575413832045382, 0.23934370300667807], [0.00034283851453255636, 0.11532830550491435, 0.17725519598474568, 3.976718516588751e-05, 1.532539696183271e-07, 3.2507703663602686e-05, 0.17589289829236932, 4.9265515592932176e-05, 1.2745066305624554e-05, 6.902594312066226e-08, 1.4464347277819975e-06, 0.17655133860189987, 0.17723601477111509, 0.17725745414505462], [0.11916565481693683, 0.09494408732751967, 0.17465677607066096, 0.0002441502593336818, 1.8569232636225378e-06, 1.6204184783957049e-06, 0.16062748877065894, 3.7550919043245164e-05, 3.266532862717862e-06, 1.8986468260138633e-06, 1.2155617048305963e-05, 0.10125499360671815, 0.17439273033346708, 0.17465576975718233], [0.001135135271560554, 0.1560753928765746, 4.882979684675635e-05, 0.15627354909045055, 0.035431249425721865, 1.6548525202189124e-05, 0.02543371290375568, 0.00034601557553315675, 0.1563115006488871, 4.283348261155085e-05, 8.601124337821289e-08, 0.1562774309790251, 0.15629517912703178, 0.15631253628555566], [0.10769393606371395, 0.10784126518599856, 0.05812011000244731, 0.10783706291875812, 0.05815741889996707, 2.9920139683494174e-05, 0.09360084577232756, 0.10783926510719667, 0.02861048328257824, 0.017411234054044582, 0.00038411007217689126, 0.09777672360937155, 0.10688763872247631, 0.10780998616925981], [0.0015195589755536531, 0.27282576115371776, 0.07562956752488349, 0.0006121901861145682, 0.00013591823551225554, 4.2390608494116015e-05, 0.02576294296530469, 0.0003230272083978699, 6.365419140741745e-05, 0.00013832874273230172, 6.573807496223573e-05, 0.0773211792651396, 0.2729951778828079, 0.27256456498497217], [0.00025877738143609963, 0.15026019768440882, 0.00023411029344848653, 0.21959118349104187, 0.00011155725105341469, 0.0001139522396904335, 0.050938129837210876, 0.00010804531768868345, 0.00010657297364170099, 4.0105049556168044e-05, 1.9282040496979545e-05, 0.2203278603727588, 0.22033266844558821, 0.1375575576219793], [0.12471506771569743, 0.10728430533124679, 0.07678160534329373, 0.12733770944451844, 2.923935544152253e-05, 2.9908640741588102e-05, 0.0544360740317273, 0.1272185552012092, 2.6587616486569772e-05, 6.348940502682482e-05, 1.6716105104906285e-05, 0.12736249413899092, 0.12735149507147886, 0.12734675259903605], [0.14385387209271874, 0.10155403334010496, 0.039812231546318154, 6.38263501360604e-08, 4.8534113288623714e-05, 0.14022066316597592, 0.14386490528619975, 0.000677229246254255, 5.3065907571526986e-05, 5.1664587898245885e-05, 2.3322905088832018e-05, 0.14456153335590047, 0.14114284224695872, 0.14413603837937156], [0.009121522999688311, 0.12272309973804592, 0.0334795677325196, 0.03358837891039014, 0.058689149378690894, 0.058794516379458435, 0.12271144916390435, 0.12274479401772649, 0.04794439666087501, 0.007138904450709178, 0.025249080421035776, 0.12047508343223177, 0.12182968396632207, 0.11551037274840192], [0.0018392603203693095, 0.16561403162998206, 0.0001402949583280623, 0.1898168100318833, 6.799619265417407e-05, 0.00011020578598176462, 0.18607427254646064, 0.00030760427565422417, 9.120961173628267e-05, 8.081097197404951e-05, 1.3685809159734984e-05, 0.19011460704748756, 0.19015785561094634, 0.07557135520738247], [0.0003298095138399712, 0.383196537914862, 0.04029601998279143, 1.5644282222548994e-06, 0.0001718175653065008, 1.243189378497278e-05, 0.025056808574494428, 0.0008757221779271008, 1.2618329687289162e-08, 0.00010365079654787479, 6.392805494935686e-06, 0.015558076401787196, 0.3833542191578037, 0.15103693616880792], [0.0005807583858228239, 0.144283919683889, 2.469656099586042e-07, 0.12401579327835971, 3.8359089704954975e-05, 0.00056445536179903, 0.18501986574779192, 0.0012609963162255558, 1.984890703070237e-05, 1.2310351584731972e-05, 4.312389063431156e-06, 0.18917065566833233, 0.1888206517776724, 0.16620782607711335], [3.047607647587998e-05, 0.15614616775103715, 0.1562217851088112, 0.06479722614751146, 2.1245584936431693e-05, 3.3469351411665007e-05, 0.1335450176963932, 0.020466264361923985, 0.00013963258250667863, 3.0039812047678802e-06, 3.356228766750904e-06, 0.15623813643966578, 0.15613002914395435, 0.15622418954540082], [0.007310790738359924, 0.11673734945493809, 0.011895809389879917, 0.1167270612297556, 0.0016362354245024631, 0.10647291154693417, 0.11661663896407412, 0.11666928006193472, 0.051340224506457054, 0.00237900424290446, 0.012954183334294173, 0.11661679116924084, 0.11176090754294812, 0.1108828123937764], [0.0007287962832390113, 2.606366766461506e-05, 4.0360947267485595e-05, 0.26598352251232976, 4.821757378030943e-07, 5.728587217801241e-06, 0.014621492468537202, 2.296675008841326e-07, 7.342662396002274e-05, 2.958627349682619e-05, 1.1118952143985816e-05, 0.18648668233746954, 0.265989346994904, 0.266003162508531], [0.1148789519799092, 0.11364493657999092, 0.07411530864974733, 0.09724066206591411, 0.0003734646394978325, 0.02349883526343906, 0.11477661696645593, 0.11497472540814584, 0.007811216408170237, 0.007584725385763116, 0.0018583653351654135, 0.0995801800095188, 0.11474337455148277, 0.11491863675679938], [0.011726539624674704, 0.10337516299031, 0.11258663733721716, 0.11234273321379198, 0.10402021076186013, 0.0003957161620935793, 0.11257720801303575, 0.10474162612728352, 0.00042419711074129045, 2.51306172994728e-06, 3.645910523939506e-05, 0.11259004700464854, 0.11259049718827525, 0.11259045229909877], [0.0012755903002872255, 0.22861870216758307, 0.04265250465691644, 0.00014503292676668275, 0.00014321091465876998, 0.0002786766641813267, 0.13621284327037983, 0.00022861587982779373, 9.779910117263465e-06, 6.661424252942635e-05, 3.291708675562628e-08, 0.13311788608965017, 0.22862454064493765, 0.2286259694150778], [0.11520686077642965, 0.08143967905658586, 0.11521516723657145, 0.11513946113426655, 2.3467240228530113e-06, 1.0849393937598022e-05, 0.11202654258382996, 0.11523134858845789, 1.1529951621322864e-05, 1.5256824496335456e-05, 9.542487261582505e-06, 0.11523040071205709, 0.11522962033676709, 0.11523139419369476], [0.14257563341677898, 0.14456861021297077, 0.000549042831279279, 0.09137472520827167, 4.483199081731391e-06, 0.06056188280784377, 0.1260310273682706, 9.747075886386641e-05, 3.422787693165278e-05, 3.334477282826213e-05, 4.164713897030106e-06, 0.1446554119778217, 0.14475513273121227, 0.1447548421239484], [0.000300875477783868, 0.14811604709142115, 0.0006806007441655471, 0.148722223641816, 7.844392513180986e-05, 3.93932548245844e-06, 0.14377636573241875, 0.14875783060493303, 8.432531459026994e-06, 4.2385506862349647e-05, 4.2911420407479635e-06, 0.14853724562563117, 0.14841114146115006, 0.11256017718970403], [0.10671816461445366, 0.034865345458316335, 0.13287697916383642, 0.057914182015296425, 0.00014780251501011617, 0.05171383619257403, 0.07596981343206775, 0.1351634765270107, 4.7259326838644524e-05, 6.371834246927741e-05, 2.2591805439340746e-05, 0.13446779768014525, 0.13488744777872236, 0.13514158514781982], [0.0003551698447682383, 0.18525334740381985, 2.10513574014931e-05, 0.0727364080734202, 4.718630727228135e-07, 0.11183905822669864, 0.022311722351794128, 0.18525605022752603, 9.243951443433392e-05, 8.279110647754625e-07, 4.0078995538396516e-05, 0.1852451509374811, 0.18496351902072974, 0.051884704272250406], [0.0035143982454344342, 0.14689636018579746, 0.00032405615092955746, 0.13532078035089912, 0.0003183557547652656, 0.1353174223954191, 0.033002932620093836, 0.10277079083569808, 0.0003784847620761955, 0.0016954752254762751, 0.0005365227024414981, 0.14691625014063148, 0.1462390059574321, 0.14676916467290574], [4.2142742730191204e-05, 0.16628474642733393, 3.707396586658159e-06, 0.16628531182024514, 6.917323228341815e-06, 6.077459488477901e-08, 0.14855938608821756, 0.020016636708601702, 1.3658929029762805e-05, 5.455358774858572e-06, 2.99587110469368e-06, 0.16628262290688814, 0.16623039277078994, 0.16626596488187423], [0.15954446489199062, 4.4330410754823307e-05, 0.1595443067728221, 0.07116275322248672, 2.5306098013797926e-05, 0.00022443309420072433, 0.1595651429940932, 0.00039391096493580506, 5.718411760576443e-05, 8.203214618745822e-05, 5.339429746854188e-07, 0.1302148234123144, 0.15953269777868923, 0.15960808015293065], [0.1769998081868902, 0.1768707334594891, 0.10786980677034644, 0.007353688371725411, 4.344478991412624e-06, 6.93973453563028e-05, 3.2527387603224216e-06, 7.639579186190407e-05, 0.0001238651813265293, 6.141063821890066e-05, 3.1837122545621966e-05, 0.17700968432929437, 0.17701391319855417, 0.1765118623866392], [0.0005738486756597798, 0.15605123419931416, 0.15613532812612316, 0.04157577328927624, 1.1324752922658369e-05, 4.680653395097013e-06, 0.021047724067398257, 0.15616538406424513, 5.402444917947729e-05, 9.532037151868031e-06, 1.1828009940572263e-05, 0.156154508445454, 0.1560534641353749, 0.1561513450945646], [0.11115989050862632, 0.1111778050229209, 0.00029008550790071024, 0.11117877515938562, 6.629577748997267e-05, 0.11095513260339462, 0.108377892506404, 0.11116642662501573, 0.002242532113413103, 3.2354843197960546e-05, 2.6547646211681613e-05, 0.11114035493386709, 0.11116323468671335, 0.1110226720654588], [0.003595534437950096, 0.1449868971304561, 0.08150927009608575, 0.08247223404687283, 0.006553358644150396, 0.007521218403304764, 0.09477230643114198, 0.1466962476206298, 0.00019062572610889226, 0.0002831419216005878, 8.032466132391341e-06, 0.13826158944942404, 0.14646535465609511, 0.14668418897004723], [0.013538854031931332, 0.07688248015683227, 0.0008618954299326554, 0.19851392540956309, 0.0001950227425304875, 0.0005447030757137452, 0.18519095919072298, 0.00017169220205935092, 0.00011690117831707538, 7.850721193573059e-05, 4.2277964129304484e-06, 0.19920316688421513, 0.17945580375028378, 0.1452418609395495], [0.08570787839629641, 0.24867674037168208, 0.04684452987603043, 0.04677666576740083, 0.00030157450242484883, 0.00024180777908418204, 4.1418420685463875e-06, 9.32716755616544e-06, 0.0001118182416044625, 0.0002778386550123741, 0.000989285404985175, 0.07232665231122, 0.24888266058609948, 0.24884907909853504], [0.13298362909261535, 0.0972034394319046, 0.13299657219861608, 1.496167614887874e-06, 8.610713043346403e-05, 4.811904792332786e-07, 0.10473681416418593, 0.13295448909595492, 1.4302804547066609e-05, 5.760341345936332e-05, 4.194156268736574e-08, 0.132982919857156, 0.13298562194230282, 0.13299648156916766], [0.13430735857128037, 0.1340601343366247, 8.970777803438972e-05, 0.034781784722756594, 0.008638517572432267, 0.043323424200044966, 0.13392341107737393, 0.13419974626288214, 0.003951838497037273, 0.009055454069950605, 0.0004034957464302521, 0.09422514953753168, 0.13447703573484854, 0.1345629418927724], [0.04340093208288831, 0.11612469409849858, 0.032324477357163116, 0.09232735522952944, 0.056631547125991236, 0.000524341787624328, 0.10898142795884973, 0.08120671484848421, 0.11464841396554815, 0.005892425285315789, 3.0978062493479894e-05, 0.11601277200406637, 0.1156240357449993, 0.11626988444854784], [0.0036042667693772052, 0.14302596269827975, 0.12465652151984634, 0.11993911647689653, 0.005483704801380382, 0.0007770864589538678, 0.024639663548202934, 0.14406819646326063, 0.001102967201356016, 1.8557719205156956e-06, 0.0004473970937054951, 0.14408527988453418, 0.14408580850779487, 0.14408217280449134], [0.1174874260113594, 0.1159303320983016, 0.09713186638327073, 0.09704453334197011, 9.983930406483648e-05, 1.7217767308047268e-05, 0.11746543952815762, 0.10228314132827893, 6.603911353308034e-05, 3.818264410148592e-05, 1.490062541634669e-07, 0.11748709626609527, 0.11746331339348766, 0.11748542381381716], [0.0052602773493455645, 0.11701060848741575, 0.03370909435370378, 0.11052008517299496, 0.00017402664783286909, 0.07699190908387352, 0.06766911386300996, 0.11700792093719013, 0.1176781454805206, 0.00022096694833786067, 0.0007714758514355255, 0.11767388311536156, 0.11767493034309377, 0.11763756236588407], [0.0009357272380958768, 0.20260512928837382, 8.157197850121157e-05, 0.15880029405695248, 1.6914383485032247e-05, 6.20756985360695e-05, 0.02524313495377486, 9.476681102251468e-05, 9.502999248025873e-06, 4.354634304065033e-06, 2.1099735547745276e-05, 0.20467991990392514, 0.20277049355118862, 0.20467501476704453], [0.015739823158737776, 0.13033481957418147, 0.01949314771887531, 0.12733723743048572, 0.034472165984844844, 0.011966505250864942, 0.12886166128565615, 0.12798911358080567, 0.00483150031316141, 0.008729817487385568, 0.00014413921061268197, 0.12981695162192775, 0.13003503627066623, 0.13024808111179467], [0.000245647908031903, 0.13247623909927614, 0.10222891688906897, 0.10221408080993158, 9.977597182629596e-05, 8.55575519472357e-05, 0.1323834904108845, 0.13250056597605556, 1.3723410654123712e-06, 0.0003241959830222523, 3.2505495972980674e-06, 0.13248322823834535, 0.13250183491648873, 0.13245184335445878], [0.011583937376683397, 0.14424394668638754, 0.00030269772513227166, 0.062179127071982705, 0.0059444179321812805, 0.06780846977154832, 0.129056544383286, 0.0016421198128418464, 0.14431695796583682, 0.00033529596588451646, 0.0001494031158772205, 0.14427725979059933, 0.14397477030042577, 0.14418505210133306], [0.0029486136615400576, 0.07983151742672062, 0.1454578167301628, 0.00012530059833602725, 0.0003734384684011516, 0.06750351497699975, 0.12091222046935633, 0.14584600982248452, 4.669346928536291e-05, 2.003205982279312e-09, 6.493025294943807e-08, 0.14570152127953798, 0.145748761083445, 0.1455045250802716], [0.0007185254990428015, 0.13498708936784073, 0.13498720646378995, 0.10981405281653228, 2.3607456267734945e-05, 9.927394436094199e-06, 0.07946951620146993, 0.13498577429580175, 1.3996622109757331e-05, 3.088915926363158e-05, 2.2356268339661152e-07, 0.13498623243472316, 0.13498594887236182, 0.13498700985367715], [0.11963041685546331, 0.12006459695495447, 0.034267494134525844, 0.12021274135193323, 0.0004694219848476245, 0.08642920511567108, 0.019328300256358753, 0.12019489365106278, 0.01800234801924761, 1.2347266180572852e-07, 0.0009281543689773795, 0.12011785695366232, 0.12020204077666209, 0.1201524061039716], [0.1355765357448624, 0.13573413570804624, 0.0013515258135517534, 0.13591429919520012, 2.5378355250164677e-05, 0.00012459645133577717, 0.13433214057093523, 0.1359158020400878, 2.6526569290128347e-05, 2.2310267266936052e-05, 1.3566692669538225e-08, 0.13590844896481313, 0.049153584854354886, 0.1359147018983127], [0.001743367589311595, 0.03149027787747198, 1.1535255500098625e-07, 0.20938776945227047, 0.00013319152465542965, 8.196621687744135e-07, 0.20401451920005798, 0.00010492276045252396, 0.00044622628540316473, 4.7679082755057786e-05, 3.457482086309762e-05, 0.133500715737075, 0.20968810794459708, 0.2094077127103629], [0.00014278597649899265, 0.21027975149609826, 0.2103445464703816, 6.093135855258416e-05, 5.624201226049089e-07, 1.8154053417242935e-05, 3.6387254904005377e-05, 0.0001223354818639557, 0.001821535336012027, 2.6902477917597916e-05, 2.0856904088826852e-05, 0.1564957019568174, 0.21034551365481421, 0.21028403515851057], [0.0001203004265332441, 0.17021887929905666, 0.1701910400327171, 0.0046869275729608546, 8.268387313537143e-09, 2.2351157574515637e-06, 0.0038352480271235875, 0.17022563509288768, 1.1459903026027215e-05, 3.5601066364617985e-06, 2.4710766844397275e-06, 0.14025126674559518, 0.1702253697061145, 0.17022559862651943], [2.6781413239424806e-05, 0.11113460451588456, 0.0757137168549038, 0.14494963168244657, 0.0005799371496397459, 0.06984528682585263, 2.3003666551210087e-06, 0.018339932735084327, 0.14467694739019604, 0.001735490202589061, 1.2575562343860918e-07, 0.14477550057538907, 0.14347038236378962, 0.1447493621687065], [0.0032582679269498012, 0.11964500887302576, 0.13284868279829715, 2.3722003409892374e-06, 1.4244579230971992e-06, 0.08946136617705638, 0.1231108759150855, 0.13295996869196802, 6.526724571889736e-06, 2.6933653599724873e-09, 2.037331205079942e-06, 0.13294186975623812, 0.13295889500308367, 0.13280270145088935], [0.11158346574788858, 0.009244350992595988, 0.020978914132803197, 0.21414816582976262, 9.481274923397494e-05, 2.27705421921669e-05, 0.00010806343123457649, 4.981458761799238e-06, 1.526306885311637e-05, 9.35167078453332e-06, 6.137833296844235e-10, 0.21459814454229123, 0.21459343738849143, 0.21459827783132343], [0.1500606252725464, 0.11633666918686328, 7.943755302159726e-05, 0.1519306846159772, 4.1313249943469705e-06, 6.258520763011263e-05, 0.1519126539387338, 7.723326645321631e-05, 3.826539611619015e-05, 4.425825968644701e-06, 1.8648782414926862e-05, 0.15194909248398342, 0.12556161018971745, 0.15196393695557944], [0.16266685601366154, 0.16276510542948888, 0.02424958993762353, 0.00034843951769640634, 0.0005891383154792536, 3.5699607934770306e-05, 0.16249696862684151, 4.921794240399332e-05, 4.141247057913288e-06, 1.9871807084879794e-09, 3.0923748871169855e-07, 0.16279572779124227, 0.16265078463863766, 0.16134801970726287], [0.10902171523774018, 0.12714411908989226, 0.1271441925115376, 0.09209155536165248, 2.8924799507806487e-08, 3.01635751040755e-07, 0.03606113541826513, 0.1271368382655709, 1.770809395077747e-05, 2.4449329488835473e-05, 4.239330844098463e-08, 0.127128851871116, 0.12713624067271007, 0.12709282119421678], [2.7048401233397018e-05, 0.16712688652479868, 5.784133537236867e-06, 0.1618718324583604, 6.377084249351799e-07, 5.9154826891939466e-06, 0.16527101752624454, 3.770385960447979e-06, 9.450104176770022e-07, 7.881057276915752e-07, 1.1657978269812617e-06, 0.1686316670228593, 0.16862652008103135, 0.16842602136088825], [0.00030738718026579573, 0.14975673401337844, 4.315695966608242e-05, 0.17063714155530182, 1.7631646995643727e-05, 1.820902911786857e-05, 0.1654601634848327, 2.864144454506134e-05, 4.0618704085930936e-06, 2.3460302805250828e-07, 3.329724143579339e-09, 0.17117264253267092, 0.17127436318492692, 0.1712796291651381], [0.00010247300558046302, 0.19384489199612512, 1.4125560653521662e-05, 0.1938448744845546, 7.289052082959159e-06, 1.3480240918776758e-05, 0.003079466828670858, 0.027506980740851887, 5.099879111883051e-05, 1.688298435373764e-05, 6.032109820735374e-07, 0.19382978730001982, 0.19384263819035372, 0.19384550761373356], [0.003742462618212418, 0.22708078254396533, 0.140059694521666, 0.0005145046915050877, 7.351786746615008e-09, 1.187970868398704e-09, 0.009728509707944552, 6.698801019938858e-07, 4.632426724707144e-06, 5.187583357989741e-10, 8.809552436345131e-07, 0.12443222725780519, 0.24721897063939816, 0.24721665569891688], [0.12660148795829948, 0.13077799456781702, 0.011113978178272555, 0.0784449515288639, 0.02519363812422466, 0.09254295839819555, 0.01165081721454724, 0.13062743883820535, 0.0011549870089073366, 0.0001956941092473301, 0.000127691090673887, 0.13068975855628906, 0.13059359663199685, 0.1302850077944598], [2.9692779690037028e-05, 0.2965696709101331, 0.001263695598292879, 9.350535709136838e-07, 0.0001433659198588772, 0.0013580688090668823, 0.2576534238431094, 0.0002556785328835254, 1.7317156420643955e-05, 1.2021918726338604e-05, 0.00010482031777394238, 0.05659946313659208, 0.2965688888928367, 0.08942295713104464], [0.00219086451011045, 0.1195720838049506, 0.15110519429678573, 0.15107778397044896, 0.00010191754594595355, 3.2553871244167094e-05, 0.06956453641129928, 0.053172911723589324, 1.162964713703783e-05, 5.432659636800417e-07, 1.9760321463617286e-07, 0.1511042505870664, 0.15108293400975992, 0.15098259875248388], [0.17382271681243971, 0.22166071589902586, 4.827017491516817e-06, 0.053788628037433936, 3.202264203184767e-05, 1.1517684024831622e-05, 0.000381286859767577, 5.602197778323502e-05, 8.794225160205433e-06, 3.1822985108745585e-06, 1.6754315123896703e-05, 0.1066638924744823, 0.22177469515783427, 0.22177494459889002], [0.16848711126499216, 0.16951684136634934, 0.16951575286224943, 2.347584375978021e-10, 1.695417225426502e-05, 4.169293718732579e-05, 4.403024745269807e-06, 9.716040825812576e-05, 0.02577622367112412, 2.813308491428539e-05, 5.474982321789865e-07, 0.12761349341870432, 0.16940896435062328, 0.16949272170560747], [0.015502540089340246, 0.09298489529631604, 0.1123573342918153, 0.002336742723347673, 0.1121007889786357, 0.0020806582831842833, 0.07113014672596987, 0.11102471013849038, 0.031707233769345276, 0.11223278336195465, 0.0005667508843484917, 0.11123540557179094, 0.11237015115558965, 0.11236985872987156], [0.043592359264409034, 0.11286777228609725, 0.0015286497686225694, 0.12156714682151379, 0.00021203511607134086, 0.12025129995742824, 0.11464886954600886, 0.11519448230551504, 0.0026150810250883064, 7.67954241990529e-05, 0.0009608195042725426, 0.1224687720558195, 0.12229226164414068, 0.12172365528081358], [0.000177327874567744, 0.16538944308854808, 0.0007272192021449736, 0.16431850443696328, 0.0018797455908753976, 8.090925016326136e-05, 0.1647024457572145, 0.006914326195850812, 6.33345999799716e-06, 1.3574739475586248e-05, 3.575308328678636e-07, 0.1654144709271414, 0.16541759600293826, 0.16495774594328572], [9.808775454338125e-05, 0.20965658299900516, 0.10733927255862837, 0.005250018935323469, 3.283502390378864e-05, 0.02773755443501765, 0.02047694239289149, 5.368050720397011e-05, 3.860673834940135e-05, 3.559438103808737e-06, 1.6401629603873663e-05, 0.2097646769074343, 0.20976673031212117, 0.2097650503678701], [0.002445966445734205, 0.13337368247187864, 0.00010743075923777528, 0.09971786842593683, 0.00025682558331237737, 0.09985627468069604, 0.1275730912446722, 0.1325162733187674, 0.004549204480396656, 3.061324078788491e-05, 8.171355754454491e-05, 0.13344630430118207, 0.1334105409243545, 0.13263421056549884], [0.15805555955344275, 0.11553137465963975, 0.00015125483677126195, 0.15806276818257847, 1.957036093963405e-05, 9.478861967136633e-05, 0.09408912809050313, 0.0009031364742776773, 5.000445507745541e-05, 3.0420801084850066e-05, 1.293282348707505e-06, 0.15804751915493187, 0.15804168929412515, 0.15692149223460786], [0.0008346624437566138, 0.014460945441660121, 0.0003971831523497964, 0.18495551272277172, 1.1476749021760733e-05, 0.17010362113507088, 0.06988557783111501, 4.877488429647644e-05, 1.2418907463752168e-05, 4.9157854644464754e-05, 1.6566391767417078e-05, 0.18636011400002234, 0.18641803742904287, 0.18644595105701664], [0.11510842928091163, 0.03536997595870698, 0.00040293565847922464, 0.12493493613545739, 0.0008486971742766522, 0.08999258820658673, 0.12709774064310853, 0.12726237153446926, 0.00015274638200260893, 0.0003307536413021106, 1.9406626256970566e-07, 0.12401566300164028, 0.1272886819722016, 0.12719428634459426]], "weights_mean": [0.049141205585299524, 0.13892089346540287, 0.06083115291836377, 0.09227876352655655, 0.007722289188701527, 0.024871838830368937, 0.08501174057167357, 0.066343013110954, 0.016228556027590123, 0.0018812837578269439, 0.0005343974449752947, 0.14441435363753136, 0.15851565648819954, 0.15330485544655595], "weights_std": [0.06549641605643146, 0.06115462197367552, 0.06282487083916216, 0.06716159927308989, 0.02224091679474807, 0.043915314428869166, 0.06587036432553865, 0.06498012005641705, 0.039482354860861324, 0.011354071480478845, 0.0028294570819156623, 0.03877716270271333, 0.049770982356443456, 0.04237539047392923]}