{"training_mean": 0.39446621335321036, "training_std": 0.03803565625064974, "training_se": 0.003803565625064974, "test_mean": 0.37319039646627883, "test_std": 0.08651564021419465, "test_se": 0.008651564021419466, "metric_names": ["width", "depth", "multi_qubit_gate_depth", "total_number_of_operations", "number_of_single_qubit_gates", "number_of_multi_qubit_gates", "number_of_measurement_operations", "single_qubit_gate_error", "multi_qubit_gate_error", "single_qubit_gate_time", "multi_qubit_gate_time", "readout_error", "t1", "t2"], "normalized_weights": [[0.02510226332165877, 0.12868196226873088, 0.02510226332165877, 0.16173931433541963, 0.02510226332165877, 0.02510226332165877, 0.02510226332165877, 0.02510226332165877, 0.02510226332165877, 0.02510226332165877, 0.02510226332165877, 0.16173931433541963, 0.16173931433541963, 0.16017972483008142], [0.021979005957941798, 0.22731452648824357, 0.023532860647661046, 0.021979005957941798, 0.021979005957941798, 0.021979005957941798, 0.05934575611203696, 0.021979005957941798, 0.021979005957941798, 0.021979005957941798, 0.021979005957941798, 0.05934575611203696, 0.22731452648824357, 0.22731452648824357], [0.020872790747900927, 0.24673760289246854, 0.04184033639533024, 0.020872790747900927, 0.020872790747900927, 0.030091738196155644, 0.020872790747900927, 0.020872790747900927, 0.020872790747900927, 0.020872790747900927, 0.020872790747900927, 0.020872790747900927, 0.24673760289246854, 0.24673760289246854], [0.12564559012979487, 0.020731913651179056, 0.017170439507466297, 0.19150124329413346, 0.017170439507466297, 0.017170439507466297, 0.017170439507466297, 0.017170439507466297, 0.020731913651179056, 0.017170439507466297, 0.017170439507466297, 0.12564559012979487, 0.1977753362958273, 0.1977753362958273], [0.021392957043327065, 0.22043898026152225, 0.021392957043327065, 0.021392957043327065, 0.021392957043327065, 0.022083993526722773, 0.022083993526722773, 0.021392957043327065, 0.021392957043327065, 0.021392957043327065, 0.021392957043327065, 0.18808312544613853, 0.18808312544613853, 0.18808312544613853], [0.16558982876150996, 0.16558982876150996, 0.019612901931251397, 0.015948949819708534, 0.015948949819708534, 0.015948949819708534, 0.16558982876150996, 0.015948949819708534, 0.015948949819708534, 0.015948949819708534, 0.015948949819708534, 0.04079530552323895, 0.16558982876150996, 0.16558982876150996], [0.018372763465602775, 0.21183096171518928, 0.020329365241589237, 0.018372763465602775, 0.018372763465602775, 0.018372763465602775, 0.20392286801465856, 0.018372763465602775, 0.018372763465602775, 0.018372763465602775, 0.018372763465602775, 0.018372763465602775, 0.1946390658234793, 0.20392286801465856], [0.023903578468387303, 0.22928045048435033, 0.03211603589932118, 0.023903578468387303, 0.023903578468387303, 0.023903578468387303, 0.023903578468387303, 0.023903578468387303, 0.023903578468387303, 0.023903578468387303, 0.023903578468387303, 0.0649104064321421, 0.22928045048435033, 0.22928045048435033], [0.016351205499024662, 0.08206290627192434, 0.016351205499024662, 0.12881585850789018, 0.016351205499024662, 0.016351205499024662, 0.12881585850789018, 0.016351205499024662, 0.016351205499024662, 0.016351205499024662, 0.016351205499024662, 0.1813470879655917, 0.1813470879655917, 0.16680155678891465], [0.01634696931802999, 0.19568516513767326, 0.05846940486440775, 0.01634696931802999, 0.01634696931802999, 0.018007809575659464, 0.19568516513767326, 0.01634696931802999, 0.01634696931802999, 0.01634696931802999, 0.01634696931802999, 0.02635333978302964, 0.19568516513767326, 0.19568516513767326], [0.01712290839749226, 0.1991676390339802, 0.042023116069275536, 0.01712290839749226, 0.01712290839749226, 0.01712290839749226, 0.1991676390339802, 0.01712290839749226, 0.01712290839749226, 0.01712290839749226, 0.01712290839749226, 0.024323060614865628, 0.1991676390339802, 0.1991676390339802], [0.026100286626053106, 0.026100286626053106, 0.018141726177184757, 0.19864329811277973, 0.018141726177184757, 0.018141726177184757, 0.01830309987635374, 0.018141726177184757, 0.018141726177184757, 0.018141726177184757, 0.018141726177184757, 0.16626117459652942, 0.21879988546096876, 0.21879988546096876], [0.17984309827378842, 0.03419587835309335, 0.015120780381535907, 0.15335719552625207, 0.015120780381535907, 0.015120780381535907, 0.10045933962430366, 0.015120780381535907, 0.015120780381535907, 0.015120780381535907, 0.015120780381535907, 0.064487274948219, 0.18196865232980394, 0.17984309827378842], [0.19408283275845734, 0.19408283275845734, 0.018970134355138606, 0.018331242955981868, 0.018331242955981868, 0.018331242955981868, 0.029155163252092563, 0.022537453984070057, 0.018970134355138606, 0.018970134355138606, 0.018331242955981868, 0.04174067684066459, 0.19408283275845734, 0.19408283275845734], [0.018464572776864308, 0.02086284240219155, 0.018464572776864308, 0.18082130381436134, 0.018464572776864308, 0.018464572776864308, 0.18082130381436134, 0.018464572776864308, 0.018464572776864308, 0.018464572776864308, 0.018464572776864308, 0.061304202325891795, 0.21023816037454987, 0.19823560505372972], [0.015533929143781457, 0.10516213600678288, 0.015533929143781457, 0.15766806823761928, 0.015533929143781457, 0.015533929143781457, 0.15766806823761928, 0.015533929143781457, 0.015533929143781457, 0.015533929143781457, 0.015533929143781457, 0.15766806823761928, 0.15766806823761928, 0.13989415789248838], [0.20010893306909822, 0.20010893306909822, 0.018923369182494137, 0.018923369182494137, 0.018923369182494137, 0.018923369182494137, 0.018923369182494137, 0.018923369182494137, 0.018923369182494137, 0.018923369182494137, 0.018923369182494137, 0.029253945081160054, 0.20010893306909822, 0.20010893306909822], [0.022367214057699175, 0.24156488395612602, 0.022367214057699175, 0.022367214057699175, 0.022367214057699175, 0.02413924208562802, 0.022367214057699175, 0.022367214057699175, 0.022367214057699175, 0.022367214057699175, 0.022367214057699175, 0.049861179526701396, 0.24156488395612602, 0.24156488395612602], [0.014400168542760576, 0.08084291622089211, 0.014400168542760576, 0.17335546854354325, 0.014400168542760576, 0.014400168542760576, 0.17335546854354325, 0.014400168542760576, 0.014400168542760576, 0.014400168542760576, 0.014400168542760576, 0.17335546854354325, 0.16214610676000252, 0.12174322304639108], [0.01619985275153938, 0.15270963666634335, 0.01619985275153938, 0.17537292214245054, 0.01619985275153938, 0.01619985275153938, 0.01619985275153938, 0.01619985275153938, 0.01619985275153938, 0.01619985275153938, 0.01619985275153938, 0.17537292214245054, 0.17537292214245054, 0.17537292214245054], [0.1407124941949008, 0.0690364093076953, 0.013297075367424454, 0.1407124941949008, 0.012287630923172357, 0.013297075367424454, 0.1407124941949008, 0.013297075367424454, 0.012287630923172357, 0.013297075367424454, 0.012287630923172357, 0.1407124941949008, 0.1373499254785854, 0.1407124941949008], [0.022556927840272373, 0.2347864682175606, 0.02274675165942439, 0.022556927840272373, 0.022556927840272373, 0.022556927840272373, 0.022556927840272373, 0.022556927840272373, 0.022556927840272373, 0.022556927840272373, 0.022556927840272373, 0.06988149312544242, 0.2347864682175606, 0.2347864682175606], [0.019231529544215642, 0.10863960261062722, 0.019231529544215642, 0.15655102727885978, 0.019231529544215642, 0.019231529544215642, 0.13392753959953416, 0.019231529544215642, 0.019231529544215642, 0.019231529544215642, 0.019231529544215642, 0.15655102727885978, 0.15655102727885978, 0.13392753959953416], [0.017597982997872796, 0.08408153071084044, 0.03309722597530594, 0.17775972334400122, 0.017597982997872796, 0.03309722597530594, 0.03309722597530594, 0.017597982997872796, 0.017597982997872796, 0.017597982997872796, 0.017597982997872796, 0.17775972334400122, 0.17775972334400122, 0.17775972334400122], [0.019121379998605463, 0.1091604787605581, 0.019121379998605463, 0.18608227567519556, 0.019121379998605463, 0.019121379998605463, 0.019121379998605463, 0.019121379998605463, 0.019121379998605463, 0.019121379998605463, 0.019121379998605463, 0.18608227567519556, 0.1732912749508008, 0.1732912749508008], [0.14695839386355491, 0.14695839386355491, 0.07307258040291319, 0.07307258040291319, 0.0169704632585895, 0.01830500102620184, 0.01830500102620184, 0.07026964724944916, 0.0169704632585895, 0.0169704632585895, 0.0169704632585895, 0.14695839386355491, 0.14695839386355491, 0.09125976140374314], [0.0201276309062626, 0.18015991224135833, 0.0220205578980126, 0.0201276309062626, 0.0201276309062626, 0.0201276309062626, 0.0220205578980126, 0.0201276309062626, 0.0220205578980126, 0.0201276309062626, 0.0201276309062626, 0.18015991224135833, 0.21636254273970365, 0.21636254273970365], [0.019471334560475326, 0.07371075370370007, 0.019471334560475326, 0.15194070398545978, 0.019471334560475326, 0.019471334560475326, 0.15194070398545978, 0.019471334560475326, 0.019471334560475326, 0.019471334560475326, 0.019471334560475326, 0.15734822892805897, 0.15194070398545978, 0.15734822892805897], [0.02013742205336314, 0.10250683747712004, 0.02013742205336314, 0.1989209950084771, 0.02013742205336314, 0.02013742205336314, 0.02013742205336314, 0.02013742205336314, 0.02013742205336314, 0.02013742205336314, 0.02013742205336314, 0.20741426577850727, 0.20741426577850727, 0.10250683747712004], [0.01834482255548963, 0.19599662578811236, 0.01834482255548963, 0.12345335981812795, 0.01834482255548963, 0.01834482255548963, 0.01834482255548963, 0.01834482255548963, 0.01834482255548963, 0.01834482255548963, 0.01834482255548963, 0.19599662578811236, 0.19599662578811236, 0.12345335981812795], [0.022243134511502793, 0.2504852710332342, 0.024034282725003474, 0.022243134511502793, 0.022243134511502793, 0.022243134511502793, 0.022243134511502793, 0.022243134511502793, 0.022243134511502793, 0.022243134511502793, 0.022243134511502793, 0.024321693571768797, 0.2504852710332342, 0.2504852710332342], [0.01564413735158048, 0.10912230489189961, 0.02347590681670753, 0.15591452651463064, 0.01564413735158048, 0.01564413735158048, 0.1684707344545843, 0.01564413735158048, 0.01564413735158048, 0.01564413735158048, 0.01564413735158048, 0.1684707344545843, 0.15591452651463064, 0.10912230489189961], [0.07634486709819203, 0.10002989534409897, 0.018191000752875473, 0.17052581706875347, 0.018191000752875473, 0.018191000752875473, 0.018191000752875473, 0.018191000752875473, 0.018191000752875473, 0.018191000752875473, 0.018191000752875473, 0.17052581706875347, 0.17052581706875347, 0.16651978032844497], [0.017824054029593157, 0.20128166852978727, 0.02614044682205276, 0.017824054029593157, 0.017824054029593157, 0.017824054029593157, 0.20128166852978727, 0.017824054029593157, 0.017824054029593157, 0.017824054029593157, 0.017824054029593157, 0.20128166852978727, 0.02614044682205276, 0.20128166852978727], [0.020431155616996117, 0.017625418551528767, 0.028660261668288566, 0.0828680513035899, 0.018457737665191886, 0.18777403086600186, 0.028660261668288566, 0.017625418551528767, 0.017625418551528767, 0.017625418551528767, 0.017625418551528767, 0.18777403086600186, 0.17862368879399856, 0.17862368879399856], [0.022193702662568995, 0.24194360180804142, 0.022193702662568995, 0.022193702662568995, 0.022193702662568995, 0.022758695401474696, 0.022758695401474696, 0.022193702662568995, 0.022193702662568995, 0.022193702662568995, 0.022193702662568995, 0.051102182472374406, 0.24194360180804142, 0.24194360180804142], [0.18734615066038118, 0.21286418000212579, 0.022560427464728413, 0.018842579468685807, 0.018842579468685807, 0.022560427464728413, 0.022560427464728413, 0.018842579468685807, 0.018842579468685807, 0.018842579468685807, 0.018842579468685807, 0.018842579468685807, 0.21286418000212579, 0.18734615066038118], [0.02149397742599217, 0.25542937844658115, 0.0323048529556641, 0.02149397742599217, 0.02149397742599217, 0.02149397742599217, 0.0323048529556641, 0.02149397742599217, 0.02149397742599217, 0.02149397742599217, 0.02149397742599217, 0.25542937844658115, 0.042332421365183434, 0.21024729642238885], [0.2062386114287449, 0.2062386114287449, 0.018913978820238025, 0.019379489627801446, 0.01842342353773618, 0.018913978820238025, 0.01842342353773618, 0.01842342353773618, 0.01842342353773618, 0.01842342353773618, 0.01842342353773618, 0.019379489627801446, 0.2062386114287449, 0.19415668759126944], [0.01561986782700811, 0.1575721834986973, 0.01561986782700811, 0.1575721834986973, 0.01561986782700811, 0.01561986782700811, 0.01561986782700811, 0.018895431696404126, 0.01561986782700811, 0.01561986782700811, 0.01561986782700811, 0.18033375289671214, 0.18033375289671214, 0.18033375289671214], [0.022743256107761168, 0.22731993854429042, 0.03132712007756974, 0.022743256107761168, 0.022743256107761168, 0.022743256107761168, 0.022743256107761168, 0.022743256107761168, 0.022743256107761168, 0.022743256107761168, 0.022743256107761168, 0.0634374486641, 0.2366130938720947, 0.2366130938720947], [0.016726201450121103, 0.13855526279004235, 0.016726201450121103, 0.18866163479470435, 0.016726201450121103, 0.016726201450121103, 0.023094958434833533, 0.016726201450121103, 0.016726201450121103, 0.016726201450121103, 0.016726201450121103, 0.18866163479470435, 0.18866163479470435, 0.13855526279004235], [0.022159588377208023, 0.2275731278818696, 0.05892216047975952, 0.022159588377208023, 0.022159588377208023, 0.022159588377208023, 0.022159588377208023, 0.022159588377208023, 0.022159588377208023, 0.022159588377208023, 0.022159588377208023, 0.05892216047975952, 0.2275731278818696, 0.2275731278818696], [0.028151189797032666, 0.04281431509912307, 0.04281431509912307, 0.124177332190457, 0.018488176203166975, 0.018488176203166975, 0.1394396174999745, 0.018488176203166975, 0.018488176203166975, 0.018488176203166975, 0.018488176203166975, 0.124177332190457, 0.19374842045241542, 0.19374842045241542], [0.02132982967070188, 0.20914774246200582, 0.02159255763604304, 0.02132982967070188, 0.02132982967070188, 0.02132982967070188, 0.18407174520181413, 0.02132982967070188, 0.02132982967070188, 0.02132982967070188, 0.02132982967070188, 0.02132982967070188, 0.18407174520181413, 0.20914774246200582], [0.020282923523165738, 0.23982857145053244, 0.022044395846352087, 0.022044395846352087, 0.020282923523165738, 0.022044395846352087, 0.022044395846352087, 0.020282923523165738, 0.020282923523165738, 0.020282923523165738, 0.020282923523165738, 0.07063916112399987, 0.23982857145053244, 0.23982857145053244], [0.019550440767750286, 0.23252715070515806, 0.019550440767750286, 0.019550440767750286, 0.019942670649312592, 0.020263887217412953, 0.020263887217412953, 0.019550440767750286, 0.019942670649312592, 0.019550440767750286, 0.019550440767750286, 0.10002715919950482, 0.23486496487769212, 0.23486496487769212], [0.017671690248528136, 0.17322375310898014, 0.017671690248528136, 0.14805977532732614, 0.017671690248528136, 0.017671690248528136, 0.017671690248528136, 0.017671690248528136, 0.017671690248528136, 0.017671690248528136, 0.017671690248528136, 0.17322375310898014, 0.17322375310898014, 0.17322375310898014], [0.021748598221807122, 0.2303034605614882, 0.021748598221807122, 0.026156932480602618, 0.021748598221807122, 0.029314911553032785, 0.026156932480602618, 0.021748598221807122, 0.021748598221807122, 0.021748598221807122, 0.021748598221807122, 0.11819159821147977, 0.2303034605614882, 0.187332516598656], [0.019715947842649344, 0.23022959089841366, 0.10563399758925475, 0.019715947842649344, 0.019715947842649344, 0.019715947842649344, 0.02297482348715474, 0.019715947842649344, 0.019715947842649344, 0.019715947842649344, 0.019715947842649344, 0.02297482348715474, 0.23022959089841366, 0.23022959089841366], [0.019108632487137813, 0.020392390039281987, 0.019108632487137813, 0.22710063880249048, 0.019108632487137813, 0.019108632487137813, 0.019108632487137813, 0.019108632487137813, 0.019108632487137813, 0.019108632487137813, 0.019108632487137813, 0.12627012714486646, 0.2271295758145603, 0.2271295758145603], [0.017894626258043767, 0.12362034215586375, 0.017894626258043767, 0.19403701000875878, 0.017894626258043767, 0.017894626258043767, 0.017894626258043767, 0.017894626258043767, 0.017894626258043767, 0.017894626258043767, 0.017894626258043767, 0.19883533467855993, 0.12362034215586375, 0.19883533467855993], [0.01929031772346668, 0.22868779676164738, 0.04585908691672119, 0.028672930372016334, 0.01929031772346668, 0.01929031772346668, 0.10054010995879732, 0.01929031772346668, 0.01929031772346668, 0.01929031772346668, 0.01929031772346668, 0.22095876710154208, 0.01929031772346668, 0.22095876710154208], [0.02189533628909957, 0.22635901960940244, 0.021679880179197218, 0.02074326595133964, 0.02074326595133964, 0.02074326595133964, 0.02189533628909957, 0.021679880179197218, 0.026349995117189225, 0.02074326595133964, 0.02074326595133964, 0.10370618336131177, 0.22635901960940244, 0.22635901960940244], [0.1384722003658799, 0.12251638174633267, 0.01261451100295181, 0.1384722003658799, 0.01261451100295181, 0.01261451100295181, 0.12251638174633267, 0.01261451100295181, 0.01261451100295181, 0.01261451100295181, 0.01261451100295181, 0.1384722003658799, 0.12251638174633267, 0.1287326766426997], [0.021406165016739327, 0.24124815162636892, 0.021406165016739327, 0.021406165016739327, 0.02100468630507347, 0.021406165016739327, 0.0241788690058314, 0.02100468630507347, 0.021406165016739327, 0.021406165016739327, 0.02100468630507347, 0.060625627099405485, 0.24124815162636892, 0.24124815162636892], [0.1577723003280276, 0.19975767714627374, 0.018804577028441315, 0.018804577028441315, 0.018804577028441315, 0.01939552095433352, 0.01939552095433352, 0.018804577028441315, 0.018804577028441315, 0.018804577028441315, 0.018804577028441315, 0.19975767714627374, 0.1577723003280276, 0.114516963943641], [0.019971691839159297, 0.22488054628737922, 0.021493954408058423, 0.019971691839159297, 0.019971691839159297, 0.019971691839159297, 0.04075788082234251, 0.019971691839159297, 0.019971691839159297, 0.019971691839159297, 0.019971691839159297, 0.10333299119418689, 0.22488054628737922, 0.22488054628737922], [0.01783016496783995, 0.20128030081395962, 0.01783016496783995, 0.01783016496783995, 0.01773184310512545, 0.01783016496783995, 0.20128030081395962, 0.01783016496783995, 0.01773184310512545, 0.01773184310512545, 0.01773184310512545, 0.034800599484460126, 0.20128030081395962, 0.20128030081395962], [0.015301132216501857, 0.1314604322253701, 0.02575713472938731, 0.17747934320008554, 0.015301132216501857, 0.02575713472938731, 0.015301132216501857, 0.015301132216501857, 0.015301132216501857, 0.015301132216501857, 0.015301132216501857, 0.17747934320008554, 0.17747934320008554, 0.17747934320008554], [0.1912030298326033, 0.017708944543252142, 0.017708944543252142, 0.1912030298326033, 0.017708944543252142, 0.017708944543252142, 0.025964459825353038, 0.021061441546452966, 0.017708944543252142, 0.017708944543252142, 0.017708944543252142, 0.04504541127119547, 0.2103569860564237, 0.1912030298326033], [0.19781370632676834, 0.08886591894700481, 0.01872367980744786, 0.14420292410818755, 0.018094819072746772, 0.020655405198594077, 0.020655405198594077, 0.018094819072746772, 0.018094819072746772, 0.018094819072746772, 0.018094819072746772, 0.01872367980744786, 0.20665860635332833, 0.19322657888889325], [0.18298535911425434, 0.1998538362163848, 0.021221987562132182, 0.021221987562132182, 0.0194204031403436, 0.02056110271172093, 0.03832949412932501, 0.0194204031403436, 0.0194204031403436, 0.0194204031403436, 0.0194204031403436, 0.0194204031403436, 0.19944997764560402, 0.1998538362163848], [0.017670595038922925, 0.026998851218691774, 0.017670595038922925, 0.17172811581529338, 0.017670595038922925, 0.017670595038922925, 0.17172811581529338, 0.017670595038922925, 0.017670595038922925, 0.017670595038922925, 0.017670595038922925, 0.07993510044248553, 0.20412252819842613, 0.20412252819842613], [0.19272245377084743, 0.21159009307746432, 0.02336916054318373, 0.01850398370964464, 0.01850398370964464, 0.02336916054318373, 0.01850398370964464, 0.01850398370964464, 0.01850398370964464, 0.01850398370964464, 0.01850398370964464, 0.01850398370964464, 0.21159009307746432, 0.18932716931069923], [0.015082220083712048, 0.1029855032572846, 0.015082220083712048, 0.16619055792309204, 0.015082220083712048, 0.015082220083712048, 0.1029855032572846, 0.015713790369642437, 0.015082220083712048, 0.015082220083712048, 0.015082220083712048, 0.1688497015355707, 0.1688497015355707, 0.1688497015355707], [0.02202293100354603, 0.059234027351358146, 0.02202293100354603, 0.13359828539942817, 0.02202293100354603, 0.02202293100354603, 0.027586961950999828, 0.02202293100354603, 0.02202293100354603, 0.02202293100354603, 0.02202293100354603, 0.13359828539942817, 0.23489949593520876, 0.23489949593520876], [0.02145422806924884, 0.25025451100086216, 0.03011672113986765, 0.03011672113986765, 0.02145422806924884, 0.022734565672181992, 0.02145422806924884, 0.02145422806924884, 0.02145422806924884, 0.02145422806924884, 0.02145422806924884, 0.02145422806924884, 0.2448891454923677, 0.25025451100086216], [0.02039070023716107, 0.2211061614743145, 0.02163964679693328, 0.02039070023716107, 0.02039070023716107, 0.02039070023716107, 0.07595813344141739, 0.02039070023716107, 0.02039070023716107, 0.02039070023716107, 0.02039070023716107, 0.07595813344141739, 0.2211061614743145, 0.2211061614743145], [0.01804424579013981, 0.2138780256998278, 0.02091480297101162, 0.01804424579013981, 0.01804424579013981, 0.01804424579013981, 0.1918655700196982, 0.01804424579013981, 0.01804424579013981, 0.01804424579013981, 0.01804424579013981, 0.023244039268817646, 0.2138780256998278, 0.1918655700196982], [0.1592371433498355, 0.07013960500638368, 0.013748834429187201, 0.1592371433498355, 0.013748834429187201, 0.013748834429187201, 0.07013960500638368, 0.013748834429187201, 0.07013960500638368, 0.013748834429187201, 0.013748834429187201, 0.07013960500638368, 0.1592371433498355, 0.1592371433498355], [0.021821792143212723, 0.2390780455680313, 0.021821792143212723, 0.021821792143212723, 0.021821792143212723, 0.02387064321206826, 0.02387064321206826, 0.021821792143212723, 0.021821792143212723, 0.021821792143212723, 0.021821792143212723, 0.06045023972606778, 0.2390780455680313, 0.2390780455680313], [0.018299176869835437, 0.20157454634803218, 0.018393787250664317, 0.018299176869835437, 0.018299176869835437, 0.018299176869835437, 0.1992352766939203, 0.018299176869835437, 0.018299176869835437, 0.018299176869835437, 0.018299176869835437, 0.20157454634803218, 0.037508775146635226, 0.1953196532540323], [0.021957453270453845, 0.25913390463737696, 0.02236042224652568, 0.021957453270453845, 0.021957453270453845, 0.02236042224652568, 0.02236042224652568, 0.021957453270453845, 0.021957453270453845, 0.021957453270453845, 0.021957453270453845, 0.02236042224652568, 0.24886111674167175, 0.24886111674167175], [0.01764835313654114, 0.10112722120899827, 0.01764835313654114, 0.184992358031185, 0.017725172953028688, 0.017725172953028688, 0.019346991971786395, 0.017725172953028688, 0.01764835313654114, 0.01764835313654114, 0.01764835313654114, 0.184992358031185, 0.184992358031185, 0.18313142818386852], [0.15961752135031898, 0.17258819930459057, 0.014502492260584454, 0.025574665549236472, 0.014502492260584454, 0.0371418524819715, 0.019302220142702445, 0.014502492260584454, 0.014502492260584454, 0.014502492260584454, 0.014502492260584454, 0.17258819930459057, 0.15961752135031898, 0.1665548669527637], [0.01852585136261848, 0.19431114767481622, 0.01852585136261848, 0.01852585136261848, 0.01852585136261848, 0.01852585136261848, 0.19431114767481622, 0.01852585136261848, 0.01852585136261848, 0.01852585136261848, 0.01852585136261848, 0.05819427939626314, 0.19431114767481622, 0.1921396153157219], [0.13873434049717953, 0.11128967155345887, 0.011964136343883498, 0.13873434049717953, 0.011964136343883498, 0.011964136343883498, 0.13873434049717953, 0.011964136343883498, 0.011964136343883498, 0.011964136343883498, 0.011964136343883498, 0.13873434049717953, 0.13873434049717953, 0.11128967155345887], [0.016348106722320854, 0.14113451682990347, 0.016348106722320854, 0.18326764544643998, 0.016348106722320854, 0.016348106722320854, 0.016348106722320854, 0.01868569017161343, 0.016348106722320854, 0.016348106722320854, 0.016348106722320854, 0.18326764544643998, 0.18326764544643998, 0.15959200288059627], [0.017397111800439596, 0.133029929623886, 0.017397111800439596, 0.1753684824236701, 0.017397111800439596, 0.017397111800439596, 0.02631924627791692, 0.017397111800439596, 0.017397111800439596, 0.017397111800439596, 0.017397111800439596, 0.1753684824236701, 0.1753684824236701, 0.1753684824236701], [0.02057604025266984, 0.24650749360851132, 0.02057604025266984, 0.02057604025266984, 0.02057604025266984, 0.025507357243090716, 0.025507357243090716, 0.02057604025266984, 0.02057604025266984, 0.02057604025266984, 0.02057604025266984, 0.044854482666925974, 0.24650749360851132, 0.24650749360851132], [0.02418473187266235, 0.22701405079838505, 0.07966387609722374, 0.02646925746110742, 0.02406406136842014, 0.03942302890469955, 0.02646925746110742, 0.02418473187266235, 0.02418473187266235, 0.02406406136842014, 0.02406406136842014, 0.02418473187266235, 0.2160147088407835, 0.2160147088407835], [0.015760751079927287, 0.14122317528942865, 0.03270886610879231, 0.17499548749059024, 0.015760751079927287, 0.015760751079927287, 0.015760751079927287, 0.015760751079927287, 0.015760751079927287, 0.015760751079927287, 0.015760751079927287, 0.17499548749059024, 0.17499548749059024, 0.17499548749059024], [0.015072539253589241, 0.14469190415310634, 0.015072539253589241, 0.16754904616504718, 0.015072539253589241, 0.015072539253589241, 0.015072539253589241, 0.08738873916993184, 0.015072539253589241, 0.015072539253589241, 0.015072539253589241, 0.16754904616504718, 0.16754904616504718, 0.14469190415310634], [0.02071084188353103, 0.2221675941761495, 0.02071084188353103, 0.018578879660870424, 0.018578879660870424, 0.018578879660870424, 0.02071084188353103, 0.018578879660870424, 0.024317584628486908, 0.018578879660870424, 0.018578879660870424, 0.13557382922724884, 0.2221675941761495, 0.2221675941761495], [0.02133455346391606, 0.026930478271772775, 0.02133455346391606, 0.22900000461446476, 0.02133455346391606, 0.02133455346391606, 0.026930478271772775, 0.02133455346391606, 0.02133455346391606, 0.02133455346391606, 0.02133455346391606, 0.08846260190173158, 0.22900000461446476, 0.22900000461446476], [0.171615981693894, 0.19777682928908685, 0.017400105972168796, 0.016788510350446692, 0.016788510350446692, 0.016788510350446692, 0.016788510350446692, 0.016788510350446692, 0.016788510350446692, 0.016788510350446692, 0.016788510350446692, 0.08334534166310312, 0.19777682928908685, 0.19777682928908685], [0.01884331656699603, 0.20662398251808037, 0.01884331656699603, 0.01884331656699603, 0.01884331656699603, 0.01981518318622031, 0.1649159887669817, 0.01981518318622031, 0.01884331656699603, 0.01884331656699603, 0.01884331656699603, 0.04101932931919176, 0.20795355852716665, 0.20795355852716665], [0.12317958664151381, 0.12317958664151381, 0.012072756013981516, 0.13556833925867862, 0.012072756013981516, 0.012072756013981516, 0.12317958664151381, 0.012072756013981516, 0.012072756013981516, 0.012072756013981516, 0.012072756013981516, 0.13679453623963653, 0.13679453623963653, 0.13679453623963653], [0.02362933156793169, 0.25407713431409373, 0.0239121527653944, 0.02362933156793169, 0.02362933156793169, 0.02362933156793169, 0.02362933156793169, 0.02362933156793169, 0.02362933156793169, 0.02362933156793169, 0.02362933156793169, 0.02362933156793169, 0.24285869862059742, 0.24285869862059742], [0.019985278912362583, 0.019985278912362583, 0.019985278912362583, 0.21725539589863457, 0.019985278912362583, 0.019985278912362583, 0.08412514479321291, 0.019985278912362583, 0.019985278912362583, 0.019985278912362583, 0.019985278912362583, 0.08412514479321291, 0.21731340215183823, 0.21731340215183823], [0.02366445749552564, 0.24295137554996055, 0.03266826681506253, 0.02366445749552564, 0.02366445749552564, 0.03266826681506253, 0.02366445749552564, 0.02366445749552564, 0.02366445749552564, 0.02366445749552564, 0.02366445749552564, 0.02366445749552564, 0.24295137554996055, 0.23578059781022298], [0.03036972077012868, 0.021881031153512844, 0.14387197674410904, 0.05900927704791267, 0.021881031153512844, 0.03036972077012868, 0.027492681124747526, 0.021881031153512844, 0.021881031153512844, 0.021881031153512844, 0.021881031153512844, 0.14387197674410904, 0.21686422993889368, 0.21686422993889368], [0.15906114182509373, 0.08995470631775462, 0.014703111389543869, 0.15906114182509373, 0.014703111389543869, 0.014703111389543869, 0.014703111389543869, 0.014703111389543869, 0.014703111389543869, 0.014703111389543869, 0.014703111389543869, 0.15906114182509373, 0.15761848854530666, 0.15761848854530666], [0.017164075864750543, 0.01926627992192566, 0.017164075864750543, 0.19390518115802105, 0.017164075864750543, 0.017164075864750543, 0.16525545474121373, 0.017164075864750543, 0.017164075864750543, 0.017164075864750543, 0.017164075864750543, 0.09645011494479318, 0.19390518115802105, 0.19390518115802105], [0.1497578879186278, 0.07038247771185789, 0.04050457123204133, 0.14376552622158978, 0.019708154316257137, 0.019708154316257137, 0.028066947262457002, 0.019708154316257137, 0.019708154316257137, 0.019708154316257137, 0.019708154316257137, 0.1497578879186278, 0.1497578879186278, 0.1497578879186278], [0.020190714922124563, 0.20167193900532016, 0.02905052638703504, 0.020190714922124563, 0.020190714922124563, 0.02205364943110628, 0.19201311339711088, 0.020190714922124563, 0.020190714922124563, 0.020190714922124563, 0.020190714922124563, 0.020190714922124563, 0.20167193900532016, 0.19201311339711088], [0.021805121229187346, 0.25557282842706797, 0.021172230759098104, 0.021805121229187346, 0.021172230759098104, 0.026848376920612867, 0.021172230759098104, 0.021172230759098104, 0.021172230759098104, 0.021172230759098104, 0.021172230759098104, 0.021172230759098104, 0.2522953530605799, 0.2522953530605799], [0.1965300753244589, 0.21350421482717524, 0.02218360946481775, 0.019067292533726594, 0.019067292533726594, 0.019067292533726594, 0.02218360946481775, 0.019067292533726594, 0.019067292533726594, 0.019067292533726594, 0.019067292533726594, 0.019067292533726594, 0.1965300753244589, 0.1965300753244589], [0.016343348744698626, 0.1153988399446755, 0.016343348744698626, 0.16763858727480555, 0.016343348744698626, 0.016343348744698626, 0.1153988399446755, 0.02402273505233119, 0.016343348744698626, 0.016343348744698626, 0.016343348744698626, 0.16763858727480555, 0.16763858727480555, 0.1278603820210107]], "weights_mean": [0.05447198376790456, 0.15769151622529118, 0.02550301874608274, 0.08876329146910202, 0.018713852281137307, 0.021790884551267528, 0.06571120976919481, 0.020203957926275395, 0.019448277356447705, 0.018721336738570925, 0.018700838593020176, 0.1071105432396412, 0.19128759274515997, 0.19188169659090434], "weights_std": [0.06351156540077413, 0.07507207580048524, 0.018338400201110952, 0.07449853797320072, 0.00277002056352893, 0.017347009350603418, 0.06537848506934955, 0.008899869994352458, 0.005860054906052478, 0.0027526853076218424, 0.00277083243312185, 0.06666078339684978, 0.0454630772147363, 0.038266150961257184]}