{"training_mean": 0.39790878772070726, "training_std": 0.04785392257744202, "training_se": 0.004785392257744202, "test_mean": 0.36739836575189516, "test_std": 0.10877233234005025, "test_se": 0.010877233234005025, "metric_names": ["width", "depth", "multi_qubit_gate_depth", "total_number_of_operations", "number_of_single_qubit_gates", "number_of_multi_qubit_gates", "number_of_measurement_operations", "single_qubit_gate_error", "multi_qubit_gate_error", "single_qubit_gate_time", "multi_qubit_gate_time", "readout_error", "t1", "t2"], "normalized_weights": [[0.07293321810569935, 0.13801105105472228, 0.0001505118492436801, 0.003912130957543211, 0.00047483892073623074, 0.13799135430694837, 0.13628855020307823, 0.0398282731586422, 0.017516228109310517, 0.04390424506837282, 0.002558377485043035, 0.13047643662208863, 0.1379778262175042, 0.13797695794106718], [0.0036534468833829777, 0.16808846303706196, 0.06925256469132415, 0.0005169623054995586, 0.0007294853306163559, 0.05063973241023484, 0.16790656667827086, 0.05998123228770562, 0.0016900659224483483, 0.0005663698299152551, 2.774385045102341e-05, 0.14109191876978672, 0.16768521227572086, 0.1681702357275814], [0.13563833308055992, 0.032393006433833825, 0.04204097235312626, 0.1447475248997217, 0.0077327427634608144, 0.0010276781225825253, 0.12616037214367246, 0.06646858187341213, 0.006636702621701764, 0.001087387391521167, 0.0009266048746561934, 0.14510466060883734, 0.14506373710552894, 0.14497169572738478], [0.04581613528955755, 0.13277385220759125, 0.009188014249628151, 0.08673454697400651, 0.009437616678697844, 0.0867649780411772, 0.05055140296201888, 0.13114970790562108, 0.0013703411062349763, 0.0037576101663304076, 0.0450304642646575, 0.13257757728067843, 0.13207558851226453, 0.13277216436153577], [0.003955553215313383, 0.1383071211168255, 0.031234409789429336, 0.14175857453306467, 0.0031877110568039463, 0.0009211091717484646, 0.06704478392964112, 0.14174482585918932, 0.0016831111854771431, 0.03115387386945673, 0.01472019262173553, 0.14076929104523328, 0.14175934177831861, 0.14176010082776289], [0.038135438142790766, 0.11928163245081397, 0.01965997155218905, 0.11267065641165115, 0.0698710613577712, 0.054383516207667716, 0.13227499651820282, 0.053933221110861754, 0.0014134471112695862, 0.0013981813343414125, 0.0017953117930490094, 0.13238111222472732, 0.1321971500583516, 0.13060430372631282], [0.14463043706407452, 0.0012277134004050104, 0.04631610619212024, 0.14471581512159803, 0.0008345629305331363, 0.03744522879265332, 0.06983205211066337, 0.05481055790728007, 0.09650694179494468, 0.031131332583911937, 0.0024937678778563736, 0.1213163571476228, 0.10404200558502597, 0.14469712149131048], [8.406738317904884e-07, 0.0010321281347921926, 0.12916480092726143, 0.19127557484927032, 9.504189292286649e-05, 0.011614902512123009, 0.012907567897639728, 0.030300258612395742, 0.016091166892843584, 0.03408341910800018, 0.00030165077897863836, 0.19135141767704789, 0.19040972689062166, 0.19137150315227075], [0.043426939574280336, 0.0008849415571677929, 0.17916040833793695, 0.0010906742676871951, 5.4255182386901526e-06, 0.0018315350933598038, 0.04210616442030519, 0.17916063996558984, 0.004051274599361057, 0.009563804351839072, 0.05608259502740649, 0.12434422472084541, 0.1791459563049008, 0.17914541626108121], [0.11375010249065846, 0.11366806566716668, 0.026704291532959286, 0.056664392261742365, 0.002122180570765214, 0.05003654192918672, 0.11368323913122366, 0.020853217781197992, 0.11282695399717257, 0.038801471577245845, 0.010527901776824982, 0.11373698301121182, 0.11285383391980806, 0.1137708243528363], [0.13984286049393943, 0.14638715068537034, 0.08431840644053322, 0.0034589841030398115, 0.0016655403512361884, 0.008608798205588696, 0.144935754672844, 0.05975315509410768, 0.0006964574543057811, 0.000680523268558891, 0.0005576321423757067, 0.1158021610160162, 0.14665169250254098, 0.14664088356954316], [0.07023538064418774, 0.11622727326681535, 0.09192184266317628, 0.09201264430985855, 0.0007981061012505927, 0.004480778444312648, 0.11643493310981909, 0.11342566175928571, 0.019042065078430325, 0.03212312167428299, 0.000513825457365474, 0.11561471524761935, 0.11082049288670004, 0.11634915935689603], [0.008746893909330459, 0.006250797215383288, 0.17319150837947894, 0.07393666302579736, 0.0005385024093732086, 0.02713053947938142, 0.026177733303149583, 0.07709272217720414, 0.006468691938297286, 0.029145469932228496, 0.0005599278165429881, 0.19021888180115462, 0.1903117568644291, 0.19022991174824908], [0.0012907286977756438, 0.13326322485461917, 0.00029391107083238455, 0.16556701777911614, 3.2359647570010276e-05, 0.00044557348103748225, 0.06690524283516458, 0.0944530561437887, 0.0006616783141122649, 0.04665996313960031, 0.007130240545135972, 0.12523295664042963, 0.17927541183880893, 0.17878863501200878], [0.05764107987995439, 0.12028108999229116, 0.11947908775040277, 0.0070272919831425055, 0.12022558754661432, 0.015117164671447624, 0.08524405679975386, 0.09579654662940615, 0.003449352433958921, 0.0009289214738981321, 0.015496311739700456, 0.1190055899190262, 0.12020612774892754, 0.12010179143147601], [0.05945904494381979, 0.0977010323364028, 0.13266045067400387, 0.0015559261049744159, 0.0003629597905881132, 0.002176973525420687, 0.11704637758590436, 0.12761534919302192, 0.0007619327648035122, 0.06273878432653515, 5.068974923182275e-06, 0.13239366362869484, 0.13275948804431226, 0.13276294810659509], [0.044288366715559156, 0.13606818898057277, 0.06395521590240438, 0.10389056873959027, 0.0007396941753601644, 0.003584411972476779, 0.1298514024601575, 0.09491720203061339, 0.0017812412296428436, 0.010600989201822833, 0.0020786364424880545, 0.1361070775809463, 0.13594759318779803, 0.1361894113805675], [0.12104762831931622, 0.12350802530055768, 0.09134286507380934, 0.0915625913351918, 0.003577503575610714, 0.00739385413071859, 0.0035339847828028963, 0.12467115905531438, 0.030961887613638793, 0.028587587928544555, 0.0008550685568927323, 0.12486702621819509, 0.12458553524476028, 0.12350528286464674], [0.1152727216205783, 0.047207500950186936, 0.13567819528528283, 0.002364740726254651, 0.00031168057359857093, 0.039484186027799156, 0.10634703190433978, 0.056012946230415965, 0.001951181187445823, 0.04577447510103908, 0.0008304308752926322, 0.14962957649921407, 0.14954038764805638, 0.14959494537049578], [0.05243732579548145, 0.07199316057164286, 0.14865664430991862, 9.471439048614623e-06, 6.294164750156953e-05, 0.0011993367163515894, 0.16432284084063148, 0.00037190400982287244, 0.002055654708766369, 0.06374420151032804, 0.0012373961562772932, 0.16466349847993939, 0.16457982132569085, 0.16466580248859905], [0.1389066969475959, 0.10285031530438218, 0.1141397901466417, 0.019180081746099965, 0.000873610990613016, 0.0007380014743563163, 0.14162549371517355, 0.05163608864976214, 0.0013222235019480864, 0.009170649970387239, 0.002956919388801956, 0.13360431936938452, 0.1413345973820405, 0.14166121141281288], [0.00032538942929668705, 0.14162879713406765, 0.0007420096827896325, 0.08137880090312105, 0.14161470978817206, 0.08132373372991797, 0.050616201940498796, 0.07516235617226229, 0.001204024407420069, 0.0006980231243481535, 0.001154928543553494, 0.14166624649409687, 0.14081750615021657, 0.14166727250023883], [0.002091033347105307, 0.055429704681207524, 0.13154452156832386, 0.008444069135590811, 0.0010444508498217756, 0.03385902875582402, 0.1393653450829322, 0.07882565037120177, 0.005814801611391689, 0.08058197810835797, 0.007839392554805385, 0.12489294456309684, 0.16271122884985664, 0.16755585052048427], [0.0022722297835453195, 0.1607866477045923, 0.07629660171051586, 0.049934746444532586, 0.0007134812988291055, 9.826421547161767e-07, 0.154377220524177, 0.07118832934015912, 0.000522681287949392, 3.046340025810386e-05, 0.00030521772775375585, 0.16079947858272678, 0.16126116688731332, 0.16151075266549267], [0.04681398085174635, 0.14852548730186, 0.0003485535225640884, 0.1485182645623767, 6.73814198248792e-05, 0.0524536890529205, 0.023881456007720615, 0.11825347880042103, 0.0013879901226240233, 0.013679202373572898, 0.0005558958051440458, 0.14845005096110395, 0.14853390889483736, 0.14853066032328366], [0.042454357914068035, 2.168067622519338e-05, 0.16070896835770804, 0.08752414056044096, 4.91945391965021e-06, 0.007589524739137946, 0.026269279265988273, 0.0870255148714538, 0.0016206587819401347, 0.011869045069544436, 0.033206706126639444, 0.17323839835487448, 0.18421034413787218, 0.18425646169018753], [0.14858536613902956, 0.14945684062028794, 0.0033003503921291465, 0.052265931662609004, 0.0010878960467108603, 0.09294097015738946, 0.040508953053188336, 0.05555943202948373, 0.00023150251200261464, 0.004732393412746909, 0.0023481812612660244, 0.14957282200072258, 0.14970238993428586, 0.149706970778148], [0.12217625374626505, 0.09074524646113803, 0.04151337459171686, 0.0785727880048143, 0.006775909046165377, 0.0670415434208394, 0.09430611331655175, 0.04656168257071678, 0.08398379543230479, 0.01015758792740097, 0.019886146458674887, 0.12583421076383094, 0.1261619055940734, 0.08628344266550747], [0.053304138132939584, 0.19980624186009102, 0.09305150026889492, 0.039399190750740706, 0.0005057911997047859, 0.004977329666788834, 0.023764838924703952, 0.07101617868623784, 0.0008945925404496116, 0.0008592466770082259, 0.0009714499855379191, 0.1467203034989866, 0.19960372948055452, 0.1651254683273615], [0.01102488938656155, 0.1354928913178628, 0.0009374714680393454, 0.07742213347593925, 0.005043233715307076, 0.07757680688232929, 0.05727977470180305, 0.13509884280882722, 0.022827085413787855, 0.052745922138218826, 0.02249885772258944, 0.1345208303578787, 0.13544087308920613, 0.13209038752164937], [0.003576353728602073, 0.21427431623976348, 0.0011906254493907475, 0.00017139786716192812, 0.000235125041452751, 0.000177672815891659, 0.00021779007666646993, 0.10943741357858228, 0.006924779476872628, 0.0008863188372847269, 0.0009649253788154093, 0.2212387367747289, 0.2201004025224312, 0.2206041422123557], [0.16135122140490749, 0.16087732397766707, 0.07429288326818888, 0.006756332179483778, 0.0007261281614333719, 0.011708574965082348, 0.03778138622077004, 0.06939812172934882, 0.005016861209305937, 0.00034089032018324575, 0.0009529811123180145, 0.1480062153049553, 0.16143131849885534, 0.1613597616475004], [0.06597102782415795, 0.16737290296502777, 0.10291567981661648, 0.02249442173573234, 0.0007623920010373296, 0.004184533759313165, 0.14121842066400325, 0.05436514006017773, 0.0012065099358030333, 0.0016310785769794315, 0.002037159049242026, 0.11904330296189507, 0.16734027180626648, 0.1494571588437479], [0.04698331581060063, 0.15607064215949681, 0.051622799259666834, 0.06529699368022335, 0.0012563279104536044, 0.039991797051270955, 0.10845137987457816, 0.060098241375615424, 0.0032477387780195117, 0.005751308829942171, 0.004482668992681267, 0.15290473971066434, 0.1547886601557255, 0.1490533864110614], [0.11709438909354357, 0.08333979054350481, 0.09110797794684512, 0.0009733597218677584, 0.00019954931373148844, 0.08414519003046024, 0.03257627530035511, 0.08191891558237971, 0.002071070927472795, 0.06547818826814542, 0.003399706145705073, 0.14957825918024936, 0.13840750669108737, 0.14970982125465226], [0.0006142314761906954, 0.15174642562050922, 0.00010164981729591545, 0.0898154850693784, 0.0004246914772680054, 0.09194323751321438, 0.017787046510572557, 0.044392232110503346, 0.1479163099221386, 0.00014835350502836924, 4.171417052205588e-06, 0.1517634411402993, 0.1517666835356589, 0.15157604088489005], [0.0423426746141002, 0.13267500432594545, 0.0564338030781514, 0.06271287769967111, 3.7901097670800716e-05, 0.06100673740833891, 0.07301362391476422, 0.001981149360769982, 0.1118683135725034, 0.057024454958445256, 0.0033098254307081273, 0.13249270239490443, 0.1326761398524211, 0.13242479229160553], [0.0010018632993498318, 0.12099023569752625, 0.12037905509768101, 0.0014207788634559425, 0.12081894768239117, 0.01039832823202252, 0.11571361720572691, 0.12054531723583312, 0.000702174730285599, 0.002325985028609083, 0.024434799192014713, 0.11964957871635123, 0.1206999871306689, 0.1209193318880836], [0.005938117349888648, 0.034833910311823826, 0.01607646285147056, 0.08909029110187754, 0.0005265315450224729, 0.15100113932019182, 0.13107083983974796, 0.05836538317138675, 0.0009213554784253455, 0.0003342970637516824, 0.0004772573853529548, 0.16584471073057308, 0.1728339010496251, 0.17268580280086224], [0.05734615732787633, 0.13572969471794025, 0.0018599157216515924, 0.0074457221794769395, 8.799990717840179e-07, 0.08954530679571501, 0.11693483506952541, 0.0018504827569610915, 0.13573470254150655, 0.0709435705007415, 0.002855761297161835, 0.12028989132953044, 0.12371608797613798, 0.13574699178670338], [0.16770488234795636, 0.0007193473979020409, 0.010934743996522627, 0.025264289943665984, 0.0033580240446039727, 0.1458387347097966, 0.0029577938683669892, 0.07216539756438366, 0.0159021035817144, 0.07690727319586714, 0.00036395964596524203, 0.14267905331591133, 0.1675706518266342, 0.16763374456070942], [0.05902841445951521, 0.13754582734495027, 0.09492870834414736, 0.09631838087965629, 0.00366195356118254, 0.016772008896539833, 0.016759566119496278, 0.08109934760746818, 0.004354522712275497, 0.022183320811834637, 0.00673110230512637, 0.15327769125895932, 0.15358495864438426, 0.15375419705446403], [0.0034310475694295886, 0.10129336848275926, 0.05266938524675829, 0.005107835390674761, 0.11751889530954653, 0.028310524451598304, 0.11768834031255584, 0.13773551549501659, 0.003989026691852942, 0.020774433077710205, 0.006902047223207388, 0.13829259561513554, 0.12795189527893552, 0.1383350898548192], [0.03472734649174359, 0.12486507836861876, 0.06404520593209637, 0.1404062738862054, 0.001280448082606006, 0.004811130875209669, 0.05103779590810283, 0.1421511657056869, 0.003072782666735939, 1.579595380717041e-05, 0.0035477031382618583, 0.14359823278840803, 0.14346470819849935, 0.14297633200401816], [0.11324382881725298, 0.08592262962350018, 0.013981128255880689, 0.11325308624104365, 0.00501670452829257, 0.11249927326581997, 0.11321350675246922, 0.06989377882541166, 0.01293322298846158, 0.020796478577691353, 0.00025017043676352246, 0.11323303892284232, 0.11316912547214067, 0.11259402729242968], [0.13348720340211556, 0.13378627818038274, 0.0899696401729738, 0.00031685941774396015, 0.00040971521525288724, 2.060039760977394e-06, 0.013043515124974184, 0.050021904843095974, 0.13378647502326543, 0.0012337861034967482, 0.042690903246284655, 0.13370437410215946, 0.13375614621657494, 0.1337911389119186], [0.04039268634754102, 0.0650395335652324, 0.1420416769530402, 0.0045593206493195, 0.0005039207173963622, 0.013934697821994588, 0.15779990861787838, 0.07508278747361707, 0.0018093837841820202, 0.026460977378454584, 6.309548218855005e-06, 0.15685071867399905, 0.15772408315107883, 0.15779399531804703], [0.05789436862039695, 0.18003749654568882, 0.10172369460245126, 0.04794600274959365, 0.0060971489038931315, 0.012225878869303803, 0.01502223323303335, 0.0581282785605953, 0.0009336408981703571, 0.0017820957083171437, 0.0014808449739557009, 0.1545264822939808, 0.18108079046675196, 0.18112104357386785], [0.0062073192936778565, 6.96640439122005e-05, 0.15954532345074024, 0.06515983035161885, 0.0005189594928792737, 0.0025019817776407477, 0.1542085114190436, 0.07159531043952531, 0.0010795645410777203, 0.0678807336282597, 0.0030285354979809396, 0.1365793930259686, 0.16572782809245135, 0.16589704494522375], [0.03297166684858735, 0.14668167038293484, 0.06317509969816318, 0.14670248992342977, 0.0015684212945907463, 0.012975323375046699, 0.0923027516760423, 0.0680569409125652, 0.0014543552849179621, 1.7420431990184495e-05, 0.0007996517389101833, 0.13996054602068028, 0.14670543558722868, 0.14662822682491247], [0.04321636207464659, 0.0025765106064778985, 0.0002885273924575033, 0.059797423950120346, 0.000260037254711794, 0.16286864910200283, 0.116942329020065, 0.06565691790754186, 0.000959939159571154, 0.03795025040451036, 0.0019624974433860905, 0.1691732089824847, 0.16917417903020926, 0.1691731676718146], [0.06373160510797402, 0.005215044005297366, 0.15231270831850724, 0.06947107741666321, 7.350269947670452e-05, 0.020786552574809034, 0.07341693950616404, 0.07832976299341367, 1.2939835351124654e-05, 0.07227928102978991, 0.0073281921598158245, 0.15230381198365145, 0.15233582796753997, 0.15240275440154638], [0.12391128576624515, 0.09532781858194543, 0.004924165516930832, 0.12399536564722549, 0.00010827614379325625, 0.00013195897966272076, 0.1217401112166677, 0.06374290723969576, 0.08710443284445919, 1.8072665425581882e-06, 0.006734468818657113, 0.12409635439307129, 0.12409329377288825, 0.12408775381221537], [0.018921214051996572, 0.15094129911412102, 0.00023436091692549855, 0.15077804995268795, 0.007039030089615747, 0.0005132194742266059, 0.07549813829767898, 0.06253379835127523, 0.07644722032962567, 0.004804546144724199, 0.000755182323577541, 0.14970094435610418, 0.1509316601091288, 0.15090133648831208], [0.005491674897554444, 0.19569638554437813, 0.09721287249689968, 0.030443279294245097, 0.00011077451006604555, 0.00013175280421876768, 0.16976121469509003, 0.07552898312338438, 0.0018672153852207615, 0.001921410509716548, 0.0015000079373411305, 0.11501411174948357, 0.1946964545376089, 0.11062386251479248], [0.05844878205473814, 0.07645433758423997, 0.13886506789465755, 0.0002409362545734424, 0.000357637773997185, 0.027209211157539364, 0.07792592626187286, 0.1400030686514669, 0.0012085337198591282, 0.05641601433271108, 0.003115273866348351, 0.13982953819462268, 0.13994878071023295, 0.13997689154314025], [0.06893256428872845, 0.2031808866102817, 0.11534244347813336, 0.0001160295036256528, 3.018026486218505e-05, 2.906253240409051e-05, 4.912298421047411e-05, 0.07102419335770385, 0.0003129544888141182, 0.0003197350984938155, 0.00046418096079510094, 0.13386237408127508, 0.20316496198059839, 0.20317131037007383], [0.11120698847631605, 0.1112137520374455, 0.10428292447652879, 0.0027948865741292315, 0.11106116411762115, 0.03831922695676914, 0.11121657883149572, 0.0046974449095616416, 0.03953361718072204, 0.00769150023798963, 0.02717671021528222, 0.11119007661047309, 0.11083624016145747, 0.10877888921420827], [0.1391591990512417, 0.13921679447561056, 0.07902258028715214, 0.032235403378732486, 0.0009681480083129788, 0.004284244896729061, 0.12993989257313815, 0.047122942832142294, 0.002077783121773067, 0.008258566543309179, 5.0487521936333515e-05, 0.13921711759146693, 0.1392244811895322, 0.13922235852892284], [0.09275917998281116, 0.09835323021463588, 0.09843960718466954, 0.005381204153232102, 0.09837883323175724, 0.004124613031816713, 0.07415693674736233, 0.09807792528412858, 0.09844119879297386, 0.0005156106765038989, 0.037052192390009016, 0.09811422818996839, 0.09811043861059486, 0.09809480150953649], [0.05336478001255319, 0.16580101505019537, 0.03283997882500039, 0.07805075605442671, 0.019611060497760194, 0.07350879633534702, 0.010843891002466332, 0.06373231471982438, 0.004255870066917103, 0.001001280623779086, 0.0016251705446528653, 0.16638195150839022, 0.16537924939746454, 0.16360388536122264], [0.05156750140618646, 0.17517890984133117, 0.007303002087617535, 0.019603260145277662, 0.0009327189292810345, 0.07708482150025467, 0.17513080059388783, 0.0662483255051679, 0.0014684868448372542, 0.002276503523151418, 0.0018078032078578234, 0.10719293164553176, 0.1390275995880258, 0.17517733518159184], [0.06451874842854399, 0.02588357681461492, 0.11238769827421442, 0.11310667452681032, 0.0052285326998073554, 0.013764425276557931, 0.11351410193555453, 0.05408148645520844, 0.11240986057112572, 0.04480589023780336, 0.00026203928286352654, 0.11320911275490918, 0.11351011091409154, 0.11331774182789484], [0.0602346042808217, 0.1562872807818763, 0.0014747667118202152, 0.11673743406071321, 0.0010993474384205417, 0.07724653114645112, 0.11696782370902789, 0.06781887476931607, 0.0011062655171686564, 0.0008255795337238478, 0.0011510534190521892, 0.08532735100405157, 0.1567493541554493, 0.15697373347210747], [0.13515078229642666, 0.0728752429806181, 0.1190106101603697, 0.010603844905727865, 0.00037626291300713624, 0.039725518436619235, 0.13425856615299853, 0.04412742492901755, 0.0015223442068114828, 0.03423272966874792, 0.002798109448260765, 0.13510481500522334, 0.1350619064662776, 0.13515184242989403], [0.12461446300545025, 0.12450878230368898, 0.06666294108578538, 0.06664011074626688, 0.000919616652463615, 0.0002268812354125782, 0.029119295876482782, 0.018664327947597512, 0.12458798594603124, 0.06996440743804014, 0.0011107437552094117, 0.12426413970959868, 0.12421912373835117, 0.12449718055962147], [0.15648147531467177, 0.17431991133626754, 0.028055737547823253, 0.023365328939959205, 0.004586957672715644, 0.006723728836634191, 0.17354427227543007, 0.07595510647706938, 0.0008682434980991772, 0.0014031331657594188, 0.001170666978829409, 0.17415076992033043, 0.004891397972016199, 0.1744832700643942], [0.14429028174665398, 0.15220388963730078, 0.020853573434290482, 0.03256128809013819, 0.0002453017443312833, 0.07095696382375835, 0.08477912313174554, 0.06525821692216781, 0.0007893268342942932, 0.0004414596788912355, 0.0008447059365426913, 0.12609515870962815, 0.15259598396149443, 0.14808472634876269], [0.008184471226164513, 0.004875415703189133, 0.029868033245801947, 0.09186159117887897, 0.0002891592007993487, 0.1736754780345664, 0.03640781734902615, 0.08230798297622674, 0.0002555578343123309, 0.002259297915931074, 0.03608294953423179, 0.1772483982982873, 0.17844614957787217, 0.17823769792471206], [0.025704943856719193, 0.13220341130476387, 1.1570421752705096e-06, 0.13221900033922715, 0.0008871180349178723, 0.0014730873050857593, 0.14346368789367836, 0.08230785242113153, 0.005155316168828057, 0.00578401101125352, 7.762601571288183e-05, 0.1548286673136828, 0.15682086819233879, 0.1590732531004849], [0.12071818181344751, 0.007338582378743843, 0.006735342506863099, 0.09886542490576475, 0.11859092266869196, 0.06473783301851453, 0.007118225260000682, 0.044856513754598815, 0.12294175972563534, 0.039783117376246895, 0.0009610588482848138, 0.12182757165305344, 0.12274913925646484, 0.12277632683368953], [0.005410518225072947, 0.09006220381628972, 5.5856228977380705e-06, 0.11642261470190766, 0.00033693188264501253, 0.07378254997224777, 0.07261646992119138, 0.08425272998497149, 0.12367284589279957, 2.7416676862426547e-05, 0.0113704337864413, 0.13668220182585808, 0.14110488692657813, 0.14425261076423682], [0.01869009880981731, 0.15437485505166496, 0.034191227239718396, 0.012841631873761694, 0.0004459290036777776, 0.05143449585907644, 0.1547206362004987, 0.07704474506512923, 0.003985953608873013, 0.12245513968661567, 0.019266230249894115, 0.11116779249401679, 0.08481336727838713, 0.15456789757886877], [0.005249211380244328, 0.09992683701841398, 0.06401961247161976, 0.11860885387243651, 0.00437561690273152, 0.0009004175322362073, 0.11860319170866929, 0.11720740428202751, 0.11485467545069031, 0.0007073608869137947, 5.084744248542889e-05, 0.1185973841833929, 0.11842615202171904, 0.11847243484641935], [0.16652357631682804, 0.16650225379014144, 0.039619490733609375, 0.04409877535836805, 0.0009040686436983633, 0.01940402516409645, 0.1105612084198185, 0.07218009814571623, 0.012602852863474515, 0.017063190579488297, 0.002618423242033013, 0.14373798562924311, 0.037645588349583765, 0.16653846276390094], [0.0039959388211315, 0.005369035617314378, 0.09508802079849002, 0.1525411033604937, 0.0011467819043136914, 0.012368083559561463, 0.1440395831775967, 0.08688564679705946, 0.0037474302807144603, 0.05490167313831846, 0.002009960073271055, 0.1317722864676773, 0.1531697171331812, 0.15296473887087664], [0.07368147202950605, 0.22197962114412859, 0.09686837249023249, 0.05661497127956753, 0.0006957124642454991, 0.0033091740371005104, 4.458302058722252e-05, 0.07424105498404185, 0.0012726810149155993, 0.0007746813176703017, 0.002287551031344133, 0.14122001630350298, 0.10475057764826814, 0.22225953123488906], [0.05860915577824209, 0.14116410965679668, 0.07190870936220924, 0.07141942879263403, 0.008285762214648464, 0.0008153313117284118, 0.01685666385388622, 0.06394710634013935, 0.14012471645520588, 0.00045990830744790354, 0.003024082005048008, 0.14113262568471976, 0.14114991196826795, 0.141102488269026], [0.14827921956686316, 0.1519830650025428, 0.09150608956217741, 0.06710269056575945, 0.0004295390588649171, 0.00013910715011727345, 0.005474616735545976, 0.07214096191541931, 0.001301697315528521, 0.00046770813770878454, 0.005311737214574576, 0.15194899892756794, 0.1520836310682459, 0.15183093777908402], [0.00974503465687588, 0.13683105482221009, 0.011122287145023576, 0.13733691104580523, 0.03689112975582434, 0.037084420235607, 0.03396829503046771, 0.05963950423626364, 0.10992004416819086, 5.61118849227733e-05, 0.021072231523734872, 0.1328406599444117, 0.13743112874214602, 0.13606118680851637], [0.05112156791469569, 0.07009807832035068, 0.17786421538336478, 0.001717063364523995, 0.0009631322952237603, 0.012798251863178931, 0.011262859280303279, 0.08684937915247239, 0.00015212320239268412, 0.04767117124571686, 1.0303059481658991e-05, 0.16185865447873157, 0.14813683976434466, 0.22949636067521909], [0.04890511453576743, 0.12323402582795813, 0.0004516149556261758, 0.12062759080115777, 0.0006268705236682491, 0.08479065673967488, 0.06245287559435159, 0.13613741400731816, 0.0008380155973367846, 0.011306417535198177, 0.002397558647377122, 0.13610739801787022, 0.1360063061826043, 0.1361181410340909], [0.03110328298898016, 0.0005140370089523811, 0.07508734760859388, 0.13705393399579632, 0.0006999891834067285, 0.04762762667255705, 0.13702436369391405, 0.13712899943270293, 0.0016709587059378958, 4.638726614910335e-06, 0.022033379108179922, 0.13712756133976442, 0.13585707714602652, 0.13706680438857274], [0.005174019019519794, 0.20126749809121275, 0.0007064252819839241, 0.03022864433741688, 0.00024388335023299492, 0.0006280327621432463, 0.015115294375937567, 0.06765597651554757, 0.1035789828945184, 0.0008013344883586662, 0.0003503200921462205, 0.20141150641171135, 0.2013902049102447, 0.17144787746902584], [0.031449695624746095, 0.1255624633630183, 0.040253257454367065, 0.12541733984520423, 0.04088813948094808, 0.003663388485519498, 0.12434185889316923, 0.06429179593351275, 0.06859400871114807, 0.0011642188749869673, 0.0004242994197885013, 0.12317400210888516, 0.12536581869264887, 0.1254097131120572], [0.008051277087134285, 0.020706976766773452, 0.062337422787611896, 0.17678526446387247, 0.0012712383542486927, 0.07650370305053146, 0.04770991823643382, 0.07147839517453534, 0.001418036399388357, 0.0014385494745987164, 0.002558040586925589, 0.1762279121649632, 0.1768300561876532, 0.17668320926532943], [0.05184449236955271, 0.04196462857048778, 0.1670895843888985, 0.007920560961848176, 0.00043973154571017394, 0.0014626466164959552, 0.13382875944637132, 0.07669888273837629, 0.0032657944266163705, 0.028419713025699674, 0.003270142377480379, 0.14178943146360545, 0.17051645707067056, 0.1714891749981867], [0.19535697714658756, 0.19655814378944703, 0.002400597642395442, 0.0014114343307899085, 0.001061135888544887, 0.0023731723208014954, 0.19246888986854732, 0.0658642376229206, 0.002023356841525873, 0.015248656004008739, 0.0010794481284709492, 0.11698074589055571, 0.19603183675601255, 0.011141367769392166], [0.16354946536956533, 0.16339150304126218, 0.08144693592195422, 0.0028477450139594404, 0.0012634473113737152, 0.010825639983705265, 0.010422026864103944, 0.09643472226732619, 0.0024416112618938727, 0.04012477974944587, 0.002296428488821735, 0.16277597119052697, 0.09931771210432992, 0.1628620114317314], [0.00047150738113377067, 0.1245415066922004, 0.001838518113209363, 0.11836998920980507, 0.04598593927442878, 0.024759213852156788, 0.12331905188561022, 0.06176176841965299, 0.12013618862933577, 5.943645377381805e-06, 0.004205213815644489, 0.12489327724242374, 0.12485469666796106, 0.12485718517106004], [0.0021921735932321396, 0.1403942276385373, 0.08359662450891542, 0.08771866863365768, 0.0007475733579573985, 0.008870555820985436, 0.14816105652658168, 0.08137237216899024, 6.737447792771414e-05, 0.0016021936243306443, 0.0008709087594920235, 0.148336312024743, 0.14784657626566297, 0.14822338259898632], [0.00832977032702187, 0.15029836323984375, 0.07512771618585998, 0.13372966850324433, 0.0021588669863656608, 0.007919489561917988, 0.1501433583338407, 0.06094080506535115, 0.0012564093019337566, 0.0005024420577975285, 0.0006829204056356623, 0.10657062399209775, 0.1511713298205637, 0.15116823621852632], [0.14034965216416562, 0.14029758730443662, 0.09957681399532904, 0.03169018438186761, 0.00029317258525896896, 3.5670708864956364e-06, 0.1374438971226071, 0.00048045502224980407, 0.001679941597506008, 0.025402805269257638, 0.001751520117445241, 0.14029074286474388, 0.14036823639987167, 0.14037142410437428], [0.11335260336351394, 0.11174685660698153, 4.728011343885956e-08, 0.11325821471519322, 0.0004318382953723743, 0.01843722413432259, 0.11297364966460234, 0.054213123029170744, 0.11405280515239027, 6.992572715994836e-07, 0.020419116216391697, 0.11307438134504798, 0.11404722785896225, 0.1139922130806661], [0.0851591052106062, 0.06483003236065744, 0.10590416246137935, 0.10451091160120937, 0.06707201399886109, 0.0007442735074631191, 0.02434543641716345, 0.10561558857060489, 0.09880095881299736, 0.024773134032594294, 0.0006554201608595787, 0.10588381830890041, 0.10587115952177183, 0.10583398503493155], [0.12937279161243292, 0.12937061785015805, 0.06244327314039886, 0.00021956185440666912, 1.37551860311429e-06, 1.071157970914487e-05, 0.12697467982940633, 0.060135691613247756, 0.07744438919110097, 0.023161000057211868, 0.002954061578319348, 0.12921157985131276, 0.12935778751396873, 0.12934247880972344], [0.031030438429545996, 0.12320219311484165, 0.011944248242544465, 0.12809642412601915, 0.003805493652237903, 0.03318419553062181, 0.05898684454568815, 0.12719762118802258, 0.09710606849457672, 0.001878821703285717, 0.00012433466216586487, 0.12734601337628024, 0.12799781557682968, 0.12809948735734014], [0.06779867924620464, 0.11615083202084565, 0.0008892945559822076, 0.13123910297268376, 0.0011949626609367772, 0.13124285549440254, 0.0004635365932267344, 0.015015757851473558, 0.1340331311489684, 6.888485859763803e-05, 0.00016104520520465542, 0.13403582273050427, 0.13403612688908131, 0.13366996777188792], [0.006439648645925009, 0.11605934401592446, 0.01252355783595754, 0.11469383430955782, 0.03182648736833062, 0.023248016610566347, 0.11502634020100488, 0.11636627888588852, 0.11437784658385124, 2.228021015677315e-05, 0.0015675494329590515, 0.11632710919401076, 0.11567943908547515, 0.11584226762039167], [0.049483479396734566, 0.14339244731897474, 0.08710020854370173, 0.057990092356640446, 0.000863837202853997, 0.0013594822462111521, 0.14334815482183086, 0.064258502039918, 0.0012239584896608809, 0.01812526008387891, 0.0023267186650996583, 0.14350489049611068, 0.14351147028102468, 0.1435114980573597]], "weights_mean": [0.0637279398349722, 0.11104596888540418, 0.06394978140292903, 0.06720706509553359, 0.012719647752397187, 0.0340196680092309, 0.08648841764107697, 0.07470463987452017, 0.03181322335464803, 0.019754452727541123, 0.006353546738935085, 0.13853658774956684, 0.1430889925561561, 0.1465900683770887], "weights_std": [0.053062427434001955, 0.05778769521510096, 0.052071589605807364, 0.053457969109630486, 0.03151433703032435, 0.04166889754141789, 0.05396136441684043, 0.03405706926654273, 0.04788669505425435, 0.025081875417431312, 0.010942803337223781, 0.021993547178104304, 0.031116356289944615, 0.028910850915085023]}