{"training_mean": 0.41547542593285636, "training_std": 0.04429024059755539, "training_se": 0.004429024059755539, "test_mean": 0.3700190041331218, "test_std": 0.10017315057371318, "test_se": 0.010017315057371318, "metric_names": ["width", "depth", "multi_qubit_gate_depth", "total_number_of_operations", "number_of_single_qubit_gates", "number_of_multi_qubit_gates", "number_of_measurement_operations", "single_qubit_gate_error", "multi_qubit_gate_error", "single_qubit_gate_time", "multi_qubit_gate_time", "readout_error", "t1", "t2"], "normalized_weights": [[0.05395305520113138, 0.01944486921548796, 0.08061906106707385, 0.14212973871342208, 0.01944486921548796, 0.05395305520113138, 0.08061906106707385, 0.06615823386392275, 0.01944486921548796, 0.01944486921548796, 0.01944486921548796, 0.1239531648470955, 0.15069514198085465, 0.15069514198085465], [0.015271279919756986, 0.08889240677157151, 0.02696607505760333, 0.13741976892257263, 0.015271279919756986, 0.02696607505760333, 0.015271279919756986, 0.10237015932281854, 0.08889240677157151, 0.015271279919756986, 0.015271279919756986, 0.14525351452599936, 0.15325636926742775, 0.1536268247040472], [0.03936791706902077, 0.12444955360388521, 0.046086903674705984, 0.1539557945072671, 0.015499099648257377, 0.046086903674705984, 0.028508249374998358, 0.046086903674705984, 0.020881165153140147, 0.015499099648257377, 0.020881165153140147, 0.12444955360388521, 0.1539557945072671, 0.16429189670676336], [0.034673913989133366, 0.06351433551501026, 0.06351433551501026, 0.14455871824276378, 0.026810795618566287, 0.034673913989133366, 0.12200120860790781, 0.06351433551501026, 0.02380970860994733, 0.03149723498159469, 0.02380970860994733, 0.096083169798023, 0.14455871824276378, 0.12697990276518853], [0.044490753941243036, 0.027765967162068892, 0.1520188842417508, 0.044490753941243036, 0.020245577732018308, 0.04077792493034533, 0.027765967162068892, 0.0651294608214929, 0.027765967162068892, 0.04077792493034533, 0.027765967162068892, 0.1520188842417508, 0.16006401622604752, 0.1689219503454871], [0.04411643395512457, 0.14414893853511493, 0.017994594563683772, 0.04260387988349558, 0.017994594563683772, 0.11140199055047428, 0.04260387988349558, 0.06324702548785988, 0.017994594563683772, 0.017994594563683772, 0.017994594563683772, 0.14414893853511493, 0.1615452358982122, 0.15621070445268928], [0.018123524392134195, 0.05271506937019335, 0.08761420306705453, 0.15893405492317028, 0.018123524392134195, 0.018123524392134195, 0.15893405492317028, 0.05271506937019335, 0.018123524392134195, 0.018123524392134195, 0.018123524392134195, 0.08761420306705453, 0.13379814400318826, 0.15893405492317028], [0.10389657084060926, 0.22865598954607783, 0.10389657084060926, 0.05207875972307534, 0.02129879611599935, 0.02129879611599935, 0.05207875972307534, 0.03237869178408637, 0.02129879611599935, 0.02129879611599935, 0.02129879611599935, 0.07056589130039276, 0.02129879611599935, 0.22865598954607783], [0.0481063800587801, 0.1849993263507372, 0.0481063800587801, 0.04114942032688394, 0.018426128063882014, 0.01656717244739204, 0.1849993263507372, 0.0481063800587801, 0.01656717244739204, 0.018426128063882014, 0.01656717244739204, 0.15493631663329063, 0.0481063800587801, 0.15493631663329063], [0.105599769619286, 0.01316578181020887, 0.11593546545562833, 0.0567942169348909, 0.014137117625010827, 0.056122651797421166, 0.14491584341514302, 0.04327303689641031, 0.01316578181020887, 0.03684560011705405, 0.01316578181020887, 0.105599769619286, 0.13636333967409967, 0.14491584341514302], [0.1939927131728105, 0.20305071738015623, 0.04924032522878294, 0.04924032522878294, 0.02873124900793397, 0.04924032522878294, 0.050544208473192576, 0.02873124900793397, 0.018988608291829853, 0.018988608291829853, 0.018988608291829853, 0.06753910021538981, 0.1939927131728105, 0.02873124900793397], [0.042067023118023655, 0.11504187227427484, 0.042067023118023655, 0.13895475796055104, 0.020248073873027607, 0.042067023118023655, 0.08895189347185033, 0.07108341759748825, 0.01875411207136742, 0.020248073873027607, 0.015444060574218064, 0.09326130215729213, 0.14590568339641585, 0.14590568339641585], [0.07839581684845337, 0.18072159566512655, 0.1116210922412164, 0.029494017963578697, 0.016223788192663142, 0.029494017963578697, 0.06897153975521064, 0.06481159927915743, 0.016223788192663142, 0.016223788192663142, 0.016223788192663142, 0.07839581684845337, 0.18157825842335582, 0.1116210922412164], [0.03944805411029734, 0.17792273278602488, 0.08518816813439475, 0.03944805411029734, 0.01965194089746009, 0.025349085584925046, 0.07416698254712674, 0.04449283907138595, 0.015137072157493825, 0.022958879060777523, 0.01965194089746009, 0.11203129941953696, 0.17792273278602488, 0.14663021843679458], [0.027341241782128125, 0.18098167541763377, 0.04213845497920479, 0.027341241782128125, 0.027341241782128125, 0.06326648751530792, 0.12104504266952008, 0.020974568333512154, 0.04213845497920479, 0.04213845497920479, 0.020974568333512154, 0.12104504266952008, 0.08229184935936124, 0.18098167541763377], [0.017875533512751146, 0.19222661275008612, 0.01660921991579759, 0.01660921991579759, 0.017875533512751146, 0.018945379829171223, 0.19222661275008612, 0.09540141785566864, 0.04278897749933848, 0.017875533512751146, 0.01660921991579759, 0.1691737595571029, 0.01660921991579759, 0.1691737595571029], [0.09900022910325333, 0.016248781149136374, 0.09900022910325333, 0.049005482994146164, 0.016248781149136374, 0.07769166482785717, 0.1217332609082063, 0.06787539786639962, 0.020305140522019913, 0.03970445545083821, 0.016248781149136374, 0.09900022910325333, 0.13100399736374915, 0.14693356930961435], [0.020119077078527763, 0.020119077078527763, 0.1044534945993501, 0.08328187756803694, 0.018484750580685463, 0.1123277396491808, 0.04028172878013423, 0.08328187756803694, 0.018484750580685463, 0.021594630408454295, 0.018484750580685463, 0.1123277396491808, 0.17337925293925693, 0.17337925293925693], [0.07686622045086532, 0.1852466057537663, 0.06422540700783129, 0.029485990500956325, 0.018988804395082257, 0.018988804395082257, 0.06316554724208504, 0.07524915703905238, 0.018988804395082257, 0.018988804395082257, 0.018988804395082257, 0.11169449694081295, 0.14956127654460957, 0.14956127654460957], [0.029897606386881517, 0.09461028374072164, 0.0149473291644247, 0.1705880132984612, 0.0149473291644247, 0.06317308269726343, 0.06317308269726343, 0.09461028374072164, 0.0149473291644247, 0.0149473291644247, 0.0149473291644247, 0.17301895945965004, 0.06317308269726343, 0.17301895945965004], [0.1573579413908756, 0.1573579413908756, 0.03727409349677497, 0.03727409349677497, 0.01544596199258377, 0.03727409349677497, 0.077700167213808, 0.058639070609175496, 0.03727409349677497, 0.025491132962849206, 0.01544596199258377, 0.077700167213808, 0.10840733985546501, 0.1573579413908756], [0.03228537149398768, 0.016235350157978078, 0.1308509221539375, 0.06449967632711143, 0.016235350157978078, 0.016235350157978078, 0.14594162738015426, 0.06449967632711143, 0.016235350157978078, 0.04694238226259025, 0.03031886683107392, 0.12679411404259086, 0.14594162738015426, 0.14698433516937612], [0.03138701256631829, 0.23345974819020307, 0.09270146998997196, 0.04056626016196703, 0.025463692174725886, 0.03138701256631829, 0.061079915109766146, 0.053183500154166154, 0.03138701256631829, 0.024352435798586945, 0.024352435798586945, 0.061079915109766146, 0.024352435798586945, 0.2652471540147178], [0.14268234911114067, 0.10401518701998569, 0.04168581650067342, 0.14268234911114067, 0.013438991946097562, 0.04168581650067342, 0.023567735841714326, 0.06255990654057314, 0.013438991946097562, 0.012431485119818292, 0.012431485119818292, 0.10401518701998569, 0.14268234911114067, 0.14268234911114067], [0.049713882985267896, 0.049713882985267896, 0.049713882985267896, 0.11593279803145926, 0.01631054106155812, 0.11593279803145926, 0.03215039416028536, 0.049713882985267896, 0.029607455136595, 0.049713882985267896, 0.01631054106155812, 0.11593279803145926, 0.15661014686113844, 0.1526431126981477], [0.045351144071025716, 0.14095174319001413, 0.05944717269285875, 0.045351144071025716, 0.01358610097757613, 0.019343267454914412, 0.11231637154169892, 0.05948564383414461, 0.06952236202578271, 0.014615003606430544, 0.01358610097757613, 0.13274610118346905, 0.13274610118346905, 0.14095174319001413], [0.06962975321984553, 0.1995641190733086, 0.06962975321984553, 0.0329905312048872, 0.02614956676314083, 0.02614956676314083, 0.02614956676314083, 0.06962975321984553, 0.02614956676314083, 0.02614956676314083, 0.02614956676314083, 0.07652766183798555, 0.1299534096575722, 0.195177617987865], [0.0535452719228666, 0.1482210348522981, 0.08324306396356361, 0.08324306396356361, 0.013883213065054, 0.02223761973460964, 0.09781767250293212, 0.0535452719228666, 0.02223761973460964, 0.013883213065054, 0.013883213065054, 0.09781767250293212, 0.1482210348522981, 0.1482210348522981], [0.039329866029920384, 0.2188526254962878, 0.025000978562934935, 0.039329866029920384, 0.025000978562934935, 0.025000978562934935, 0.025000978562934935, 0.11579728869261054, 0.025000978562934935, 0.025000978562934935, 0.025000978562934935, 0.1933412626238907, 0.025000978562934935, 0.1933412626238907], [0.027567847620443543, 0.2374697325919623, 0.04661675828828172, 0.03821725999938521, 0.027567847620443543, 0.027567847620443543, 0.04661675828828172, 0.09588445525224719, 0.0834612145807123, 0.027567847620443543, 0.027567847620443543, 0.03821725999938521, 0.027567847620443543, 0.24810947527708296], [0.014081042582627155, 0.08966815082567302, 0.08966815082567302, 0.16696168545922963, 0.014081042582627155, 0.014081042582627155, 0.014081042582627155, 0.08966815082567302, 0.014081042582627155, 0.014081042582627155, 0.014081042582627155, 0.13154319306690193, 0.16696168545922963, 0.16696168545922963], [0.020510260250807738, 0.026971455063835494, 0.15400419724381856, 0.036097904454432, 0.020510260250807738, 0.026971455063835494, 0.027622320700801402, 0.06575113226674142, 0.02229844197185598, 0.05355568737636855, 0.020510260250807738, 0.16790544648709108, 0.16790544648709108, 0.18938573213170593], [0.15450073695120253, 0.07933834276167452, 0.04519245708826555, 0.11696853178174321, 0.023054098177335336, 0.04519245708826555, 0.04519245708826555, 0.07933834276167452, 0.026389001407277648, 0.026389001407277648, 0.026389001407277648, 0.15450073695120253, 0.023054098177335336, 0.15450073695120253], [0.07125899078507343, 0.18171163232774942, 0.07125899078507343, 0.027417048436826956, 0.027417048436826956, 0.05398531170028111, 0.047081619104870104, 0.047081619104870104, 0.028104706850485515, 0.028104706850485515, 0.027417048436826956, 0.10868440999825488, 0.09876523485462634, 0.18171163232774942], [0.016486422149740994, 0.016486422149740994, 0.0877097405395041, 0.0753713129993419, 0.016486422149740994, 0.11486325798976917, 0.09349167558070125, 0.07461129303300076, 0.016486422149740994, 0.0196417529228987, 0.016486422149740994, 0.14338961950207227, 0.13588532498748848, 0.17260391169651845], [0.1559864314355281, 0.1559864314355281, 0.08801109549792535, 0.043173754450020294, 0.02090878270416756, 0.01538046495930461, 0.01538046495930461, 0.0797783157694064, 0.01538046495930461, 0.01538046495930461, 0.01538046495930461, 0.08801109549792535, 0.14562088420648783, 0.14562088420648783], [0.09822895149328274, 0.2125439056131056, 0.11243874506226519, 0.03971051416550648, 0.03368094122959812, 0.03368094122959812, 0.03971051416550648, 0.07720641233642805, 0.02812184663998089, 0.019370933528259124, 0.019370933528259124, 0.03368094122959812, 0.03971051416550648, 0.2125439056131056], [0.042102627307231515, 0.042102627307231515, 0.09582984783510212, 0.12301688240631917, 0.01730210439039371, 0.04321483781334851, 0.0713196048170124, 0.07517560154901085, 0.01813956004165309, 0.042102627307231515, 0.01791612622468582, 0.12301688240631917, 0.12925155298797375, 0.15950911760648695], [0.05122454612551481, 0.013185777135789138, 0.05122454612551481, 0.047129965150704875, 0.012666075841727232, 0.14010681481060216, 0.1402700795603809, 0.05122454612551481, 0.01268789895023406, 0.047129965150704875, 0.012666075841727232, 0.14010681481060216, 0.14010681481060216, 0.1402700795603809], [0.024556348455022074, 0.015038117056055306, 0.10879353207001634, 0.15148977082848694, 0.015038117056055306, 0.07141316842134628, 0.015038117056055306, 0.10879353207001634, 0.015038117056055306, 0.015038117056055306, 0.015038117056055306, 0.10879353207001634, 0.16796570687438192, 0.16796570687438192], [0.05498203133512806, 0.18334402065209923, 0.05970358189155375, 0.03811508480692926, 0.015346775850570614, 0.03811508480692926, 0.0421629699237541, 0.06463350828945953, 0.015346775850570614, 0.015346775850570614, 0.015346775850570614, 0.12716978213585733, 0.15961646019956888, 0.170770372556438], [0.07610345555956574, 0.14990460627187385, 0.07610345555956574, 0.03351232168784762, 0.02548358122912095, 0.03351232168784762, 0.11040440041075301, 0.06906179789183366, 0.020737313702758726, 0.020737313702758726, 0.020737313702758726, 0.11040440041075301, 0.14289331777180944, 0.11040440041075301], [0.07493285439123813, 0.17091595725107933, 0.04708584050192645, 0.0208129769625416, 0.020338532947895754, 0.0208129769625416, 0.17091595725107933, 0.08018006564085159, 0.020338532947895754, 0.020338532947895754, 0.0208129769625416, 0.15585090913498578, 0.0208129769625416, 0.15585090913498578], [0.13087762363830624, 0.14822613642430268, 0.047053548963827706, 0.04873290768909494, 0.0215277266328907, 0.03835412981819654, 0.047053548963827706, 0.08149468610230652, 0.01470599092648168, 0.0215277266328907, 0.01470599092648168, 0.10826976327298882, 0.14659259637009783, 0.13087762363830624], [0.022800162204042757, 0.2292464733205329, 0.031011979085245868, 0.031011979085245868, 0.0189012690181328, 0.031011979085245868, 0.031011979085245868, 0.08136280042703756, 0.0189012690181328, 0.0189012690181328, 0.0189012690181328, 0.22206870471541465, 0.022800162204042757, 0.22206870471541465], [0.14488337299774892, 0.04146045796687841, 0.08597357684250577, 0.14731503685456226, 0.016379262036306495, 0.016379262036306495, 0.03242382842769808, 0.04146045796687841, 0.016379262036306495, 0.021655414531096755, 0.016379262036306495, 0.12810094304151964, 0.14488337299774892, 0.14632649022813676], [0.018901312828193573, 0.04569298249710424, 0.13599906155263386, 0.0420427690460473, 0.016428488177989968, 0.0420427690460473, 0.13599906155263386, 0.04569298249710424, 0.018901312828193573, 0.042278608702195304, 0.02973646810652992, 0.13599906155263386, 0.16610246106524296, 0.12418266054744993], [0.039501072771598915, 0.014361788155639753, 0.039501072771598915, 0.1666446145591514, 0.014361788155639753, 0.039501072771598915, 0.1666446145591514, 0.0683952444067444, 0.014361788155639753, 0.014361788155639753, 0.014361788155639753, 0.12067937641140293, 0.1666446145591514, 0.12067937641140293], [0.030540583544193606, 0.1856549825421832, 0.017049693175423004, 0.030540583544193606, 0.017049693175423004, 0.10128044691386615, 0.02338020836516246, 0.10128044691386615, 0.017049693175423004, 0.017049693175423004, 0.030540583544193606, 0.18235205836045743, 0.06057635102800847, 0.1856549825421832], [0.09851567663758823, 0.1897586910987334, 0.06892185650343903, 0.030001733856480216, 0.0243336936286795, 0.06331585295650452, 0.030001733856480216, 0.06892185650343903, 0.037643209457176224, 0.0243336936286795, 0.0243336936286795, 0.09851567663758823, 0.21706893797785287, 0.0243336936286795], [0.09555292697449132, 0.23146247897304237, 0.04728669286833876, 0.030510100650962824, 0.030510100650962824, 0.04728669286833876, 0.030510100650962824, 0.04728669286833876, 0.02436229195734091, 0.019666570803849436, 0.021263251917498706, 0.09555292697449132, 0.04728669286833876, 0.23146247897304237], [0.047463207593262155, 0.06024994590468877, 0.13588782694933302, 0.012542652409727302, 0.012542652409727302, 0.015328866524153625, 0.11427015550983523, 0.06024994590468877, 0.047463207593262155, 0.06024994590468877, 0.012542652409727302, 0.12016691223031067, 0.15081958968207956, 0.15022243897451545], [0.17061640230006525, 0.17061640230006525, 0.08610083756321969, 0.022867141041616773, 0.020699016820435765, 0.020699016820435765, 0.03298069730360445, 0.08610083756321969, 0.022867141041616773, 0.020699016820435765, 0.020699016820435765, 0.022867141041616773, 0.1510936662816161, 0.1510936662816161], [0.022457040529849776, 0.17586358655444534, 0.038405781443158045, 0.022457040529849776, 0.01841034098576532, 0.04811192459492584, 0.17586358655444534, 0.04811192459492584, 0.054400724707430584, 0.022457040529849776, 0.01841034098576532, 0.12478635672771288, 0.054400724707430584, 0.17586358655444534], [0.03303052127147359, 0.19915385153595538, 0.01798279694171384, 0.01798279694171384, 0.01798279694171384, 0.01798279694171384, 0.09095120683798039, 0.0778645695759757, 0.01798279694171384, 0.01798279694171384, 0.01798279694171384, 0.14265676684363096, 0.13130965380703155, 0.19915385153595538], [0.05096654867845523, 0.16210045419000216, 0.05096654867845523, 0.02535567572992728, 0.02535567572992728, 0.06729817499029367, 0.0645949454437731, 0.06729817499029367, 0.019663165005852416, 0.019663165005852416, 0.019663165005852416, 0.1231597241898417, 0.1457632886163635, 0.15815129374510994], [0.06149353165692617, 0.20285305009710194, 0.028661557450873548, 0.028661557450873548, 0.02124938861299543, 0.023501633478196348, 0.05068978800515281, 0.06149353165692617, 0.06149353165692617, 0.02124938861299543, 0.023501633478196348, 0.11567480369792316, 0.20285305009710194, 0.09662355404781102], [0.1536652134921449, 0.15822002814401276, 0.06913071779793009, 0.06828630921191542, 0.026909830987251117, 0.02469699467949617, 0.03554917765956815, 0.09211169403631196, 0.014886198088802937, 0.014886198088802937, 0.014886198088802937, 0.1536652134921449, 0.014886198088802937, 0.15822002814401276], [0.03878467814018853, 0.24017733487679205, 0.08690865070650661, 0.04086787009292423, 0.023999557941780863, 0.03138474431462253, 0.08160628467675982, 0.03878467814018853, 0.07283446667965758, 0.023999557941780863, 0.023999557941780863, 0.023999557941780863, 0.03878467814018853, 0.2338683824650481], [0.11992451129740712, 0.08844047757402981, 0.05643372497608881, 0.11992451129740712, 0.017145796518203502, 0.017145796518203502, 0.08844047757402981, 0.0822209520146372, 0.017145796518203502, 0.017145796518203502, 0.017145796518203502, 0.11948092568898776, 0.11948092568898776, 0.11992451129740712], [0.04105465502076825, 0.1516320148651671, 0.04287095147925271, 0.04287095147925271, 0.027809860524749236, 0.04287095147925271, 0.12797216912795956, 0.07726697109217423, 0.014869796646462796, 0.014869796646462796, 0.014869796646462796, 0.12358825592351012, 0.14948165994056545, 0.12797216912795956], [0.14951648918743524, 0.16418253077032088, 0.03342789224039295, 0.04356372561457264, 0.017335118816195167, 0.0376010441320918, 0.06972094717977266, 0.06972094717977266, 0.03342789224039295, 0.03342789224039295, 0.01849914389777703, 0.06972094717977266, 0.16418253077032088, 0.09567289855078938], [0.020745257813848558, 0.019785605948028792, 0.13082633805294752, 0.07654178166333829, 0.017741661501441647, 0.024531277166790207, 0.14862189314391064, 0.07654178166333829, 0.017741661501441647, 0.02035755281262723, 0.02035755281262723, 0.1190457160471336, 0.14862189314391064, 0.15854002672861572], [0.04587945748702977, 0.2079992091579683, 0.06711033774265539, 0.03351543362304368, 0.03351543362304368, 0.04587945748702977, 0.037998913166918905, 0.05916707295281972, 0.04587945748702977, 0.03351543362304368, 0.03351543362304368, 0.10214569338137568, 0.2079992091579683, 0.04587945748702977], [0.02335089713043471, 0.041483481357116, 0.1447447787315263, 0.048783688350252964, 0.022589730238482403, 0.03720890014368518, 0.1447447787315263, 0.048783688350252964, 0.022589730238482403, 0.03720890014368518, 0.03720890014368518, 0.12520651043958458, 0.041483481357116, 0.22461253464417014], [0.025002624418826322, 0.2111495359459508, 0.027640038185709648, 0.027640038185709648, 0.025002624418826322, 0.027351088310334337, 0.027640038185709648, 0.10626444278172638, 0.025002624418826322, 0.025002624418826322, 0.025002624418826322, 0.2111495359459508, 0.025002624418826322, 0.2111495359459508], [0.1625504417915876, 0.18270004355331135, 0.035637253944167335, 0.026145316808215354, 0.01984821777463527, 0.026145316808215354, 0.07454721500632687, 0.07454721500632687, 0.021635973167392027, 0.015523584952343945, 0.015523584952343945, 0.1080981794372195, 0.07454721500632687, 0.1625504417915876], [0.19743756229961015, 0.19743756229961015, 0.03507761869375078, 0.019555865116231416, 0.017350800999265774, 0.0292334006210157, 0.0292334006210157, 0.06901877669500753, 0.06901877669500753, 0.019555865116231416, 0.017350800999265774, 0.08494120654511217, 0.19743756229961015, 0.017350800999265774], [0.06824522714005488, 0.2296739952514271, 0.06824522714005488, 0.02586867394367879, 0.031141681727373534, 0.031141681727373534, 0.031141681727373534, 0.06824522714005488, 0.031141681727373534, 0.02586867394367879, 0.02586867394367879, 0.10260189760907723, 0.031141681727373534, 0.2296739952514271], [0.021595192701618943, 0.021595192701618943, 0.11676844801844055, 0.1483958448778307, 0.021595192701618943, 0.03451109407129816, 0.021595192701618943, 0.04646561151019192, 0.021595192701618943, 0.021595192701618943, 0.021595192701618943, 0.1483958448778307, 0.17714840386653766, 0.17714840386653766], [0.017712873549170838, 0.19651801154848245, 0.028126276647978912, 0.01954197122137765, 0.017712873549170838, 0.041670667708437255, 0.1978415576934797, 0.07082029293198307, 0.01924732201910438, 0.017712873549170838, 0.017712873549170838, 0.07943219724199535, 0.19651801154848245, 0.07943219724199535], [0.08465752992694274, 0.21072499058393845, 0.08465752992694274, 0.022388005572947244, 0.0181329731872853, 0.022489826444080256, 0.028270596325548604, 0.08465752992694274, 0.0181329731872853, 0.0181329731872853, 0.0181329731872853, 0.09423957803263473, 0.08465752992694274, 0.21072499058393845], [0.14898640738805682, 0.16426634294263145, 0.06613442671877652, 0.01960516265536835, 0.01960516265536835, 0.02853062153285005, 0.01960516265536835, 0.06613442671877652, 0.01960516265536835, 0.01960516265536835, 0.01960516265536835, 0.11034398399058466, 0.14898640738805682, 0.14898640738805682], [0.03399120590477343, 0.11151994864306704, 0.03399120590477343, 0.15165180309462523, 0.013562377197064903, 0.015062717809320489, 0.015062717809320489, 0.11151994864306704, 0.03399120590477343, 0.03399120590477343, 0.013562377197064903, 0.15906679104697505, 0.11395970389342609, 0.15906679104697505], [0.11510800809620307, 0.018179254002689892, 0.03557058982070074, 0.06653595786718995, 0.018179254002689892, 0.11510800809620307, 0.11510800809620307, 0.06653595786718995, 0.018179254002689892, 0.03557058982070074, 0.018179254002689892, 0.11510800809620307, 0.10482730260366162, 0.15781055362498486], [0.018706966585847824, 0.018706966585847824, 0.018706966585847824, 0.06637705532762933, 0.018706966585847824, 0.13868947466625597, 0.13868947466625597, 0.06637705532762933, 0.018706966585847824, 0.04323534063263296, 0.018706966585847824, 0.14238744377208026, 0.1496149123203491, 0.14238744377208026], [0.02351481055114581, 0.24833012193313345, 0.08034998208078918, 0.08187197442404891, 0.020754751891548937, 0.033800064488517176, 0.08034998208078918, 0.0707551211735923, 0.020754751891548937, 0.020754751891548937, 0.020754751891548937, 0.033800064488517176, 0.02698586794875725, 0.23722300326451384], [0.09353722816213378, 0.01675984685132217, 0.09353722816213378, 0.0598690416412743, 0.01675984685132217, 0.09353722816213378, 0.08778431670871055, 0.01675984685132217, 0.01675984685132217, 0.06727109345640711, 0.01675984685132217, 0.13392950543059726, 0.1417624490109235, 0.1449726750090751], [0.14180844637898896, 0.05421166065814565, 0.04265649840534919, 0.14643344631667995, 0.01240287462245133, 0.03358341355058681, 0.05421166065814565, 0.05421166065814565, 0.017142269231133045, 0.017142269231133045, 0.01240287462245133, 0.1301760329088113, 0.14180844637898896, 0.14180844637898896], [0.11782860749938784, 0.019175897043599892, 0.1197675141569218, 0.060098056050855345, 0.017875102369977657, 0.034562741026102385, 0.14621360989712467, 0.05146051752791535, 0.016561505857042164, 0.03651894477652795, 0.016561505857042164, 0.09933378054099022, 0.11782860749938784, 0.14621360989712467], [0.04417000925958727, 0.13360365829657128, 0.07149406961068049, 0.06679166152084053, 0.01266570716297976, 0.041420596554744976, 0.12619351034947188, 0.04417000925958727, 0.01266570716297976, 0.025190338781628744, 0.01266570716297976, 0.12619351034947188, 0.13613287600182375, 0.14664263852665285], [0.11091170806003288, 0.051906998075813955, 0.051906998075813955, 0.025595716521200945, 0.016609441322194097, 0.11091170806003288, 0.07844437333500187, 0.06532635462387847, 0.016609441322194097, 0.029624452537213814, 0.016609441322194097, 0.13981052940704505, 0.13981052940704505, 0.14592230793033886], [0.10415295979983458, 0.10415295979983458, 0.06349963537527903, 0.13265410573753517, 0.014874786286444949, 0.029396302172500752, 0.07215755659248926, 0.052515689428404164, 0.028115258972571465, 0.014874786286444949, 0.014874786286444949, 0.10415295979983458, 0.1604252536625468, 0.10415295979983458], [0.048455592263695016, 0.20196787050224127, 0.0220274067347012, 0.018918961901378838, 0.018918961901378838, 0.018918961901378838, 0.10605361846053708, 0.0934366476849801, 0.0220274067347012, 0.018918961901378838, 0.018918961901378838, 0.10605361846053708, 0.16619705614325833, 0.13918597350845455], [0.021285664729163732, 0.06839018297842746, 0.06839018297842746, 0.1364259265285109, 0.013880511509984287, 0.021285664729163732, 0.1364259265285109, 0.06627698177993546, 0.015493757019047745, 0.013880511509984287, 0.013880511509984287, 0.1364259265285109, 0.1364259265285109, 0.1515323251418382], [0.062379664308058164, 0.2126099882345807, 0.05103028666987064, 0.05103028666987064, 0.018649612250757133, 0.05103028666987064, 0.018649612250757133, 0.062379664308058164, 0.018649612250757133, 0.018649612250757133, 0.018649612250757133, 0.08194571354878143, 0.1473709420411501, 0.18697510629597394], [0.0178808306249446, 0.018347693775202532, 0.1769588764027496, 0.036510077758405986, 0.0178808306249446, 0.01915519051081426, 0.01915519051081426, 0.05391437201942384, 0.01899091894587022, 0.05391437201942384, 0.018347693775202532, 0.1769588764027496, 0.1769588764027496, 0.1950262002267045], [0.14134237484041284, 0.07016288818527652, 0.04437632984289671, 0.10952423087464394, 0.014182176374170229, 0.07016288818527652, 0.019049285609719722, 0.07016288818527652, 0.014182176374170229, 0.040463604598516695, 0.014182176374170229, 0.10952423087464394, 0.14134237484041284, 0.14134237484041284], [0.017091046219034338, 0.11345863219969887, 0.04672014474976873, 0.14020835503343726, 0.013682397713704126, 0.050782881001137634, 0.050782881001137634, 0.07986560433539668, 0.013682397713704126, 0.017091046219034338, 0.013682397713704126, 0.1509699358247068, 0.14020835503343726, 0.15177392524209804], [0.13397839842735573, 0.016322137853543684, 0.13397839842735573, 0.06495491503624347, 0.016322137853543684, 0.029379377530261232, 0.02802598940745466, 0.0626507930567191, 0.016322137853543684, 0.0626507930567191, 0.016322137853543684, 0.14157356474423402, 0.13397839842735573, 0.1435408204721265], [0.061235692279079074, 0.17004056190200628, 0.023096640330083646, 0.021909196086809392, 0.02176142442855037, 0.061235692279079074, 0.1547564648165652, 0.07675688780286002, 0.024568017038005686, 0.021909196086809392, 0.02176142442855037, 0.14631743269805686, 0.024610807921538292, 0.17004056190200628], [0.01777413629126337, 0.01777413629126337, 0.14717637541856818, 0.03740778607479653, 0.01777413629126337, 0.034955632927262434, 0.023079674035710304, 0.09821669047302964, 0.01777413629126337, 0.09821669047302964, 0.01777413629126337, 0.14717637541856818, 0.15240170010298698, 0.17249839361973132], [0.02248323241704887, 0.0172576929368443, 0.0172576929368443, 0.08710424680523107, 0.0172576929368443, 0.15993998694352798, 0.025221107001977237, 0.03241968188533266, 0.02248323241704887, 0.08710424680523107, 0.0172576929368443, 0.14376518419529036, 0.16822878946035702, 0.18221952032157762], [0.1298475499425989, 0.08478918122519506, 0.013884644403631338, 0.1298475499425989, 0.011854025980814021, 0.07701728379372585, 0.1281844828394961, 0.04785505702531045, 0.011854025980814021, 0.011854025980814021, 0.011854025980814021, 0.08478918122519506, 0.1281844828394961, 0.1281844828394961], [0.023361536472260476, 0.20444201640931395, 0.1021363233546995, 0.023361536472260476, 0.023361536472260476, 0.023361536472260476, 0.03049377148106537, 0.053171816072600304, 0.023361536472260476, 0.023361536472260476, 0.023361536472260476, 0.12089165048359174, 0.20444201640931395, 0.12089165048359174], [0.036867660211289746, 0.16649037210643694, 0.07694281126759407, 0.015639195657075902, 0.015954514957513485, 0.027885919231402625, 0.036867660211289746, 0.07124660913736895, 0.015182045370127635, 0.014395698293572833, 0.015182045370127635, 0.16649037210643694, 0.17042754803988172, 0.17042754803988172], [0.01910072719362705, 0.21914503157404797, 0.04679503965620599, 0.04679503965620599, 0.01910072719362705, 0.04679503965620599, 0.01910072719362705, 0.08352786764240286, 0.01910072719362705, 0.01910072719362705, 0.01910072719362705, 0.20409185988549422, 0.01910072719362705, 0.21914503157404797], [0.0564516699404595, 0.1929783024988811, 0.0387397061878256, 0.027222256558284592, 0.019896458063298213, 0.019896458063298213, 0.027222256558284592, 0.055357592903143286, 0.07775011703414479, 0.0564516699404595, 0.019896458063298213, 0.11430576527730758, 0.1929783024988811, 0.10085298641243375], [0.02307285231548092, 0.027202128073654398, 0.058840202513079747, 0.19830186267825686, 0.02307285231548092, 0.05043288444810674, 0.027202128073654398, 0.08631682795914943, 0.02307285231548092, 0.02307285231548092, 0.02307285231548092, 0.19830186267825686, 0.02307285231548092, 0.21496498968295627], [0.01765234163211533, 0.08550353993200029, 0.08550353993200029, 0.1418948491354157, 0.015632405078788953, 0.021075600548942988, 0.015632405078788953, 0.08550353993200029, 0.015632405078788953, 0.015632405078788953, 0.015632405078788953, 0.1418948491354157, 0.1714048571790824, 0.1714048571790824]], "weights_mean": [0.06577108176601013, 0.1236307831032515, 0.06785309641691976, 0.06752525713903504, 0.019361312229997776, 0.04444531126439772, 0.07193993272833678, 0.06721391015033097, 0.025227095945165326, 0.026935383801846693, 0.019023347539750605, 0.1203168154025947, 0.12318138428237684, 0.15757528822998623], "weights_std": [0.0484956541487169, 0.07646184478840627, 0.037128283901088036, 0.048693103211232686, 0.00481751168882494, 0.03075223569711946, 0.05017562917718649, 0.01925087073339371, 0.015826623088604618, 0.015388615845688756, 0.004873111051503836, 0.0377750037797343, 0.05564766291696411, 0.04340943831847093]}