{
	"training_mean": 0.4100790659289112,
	"training_std": 0.037213744932812126,
	"training_se": 0.0037213744932812127,
	"test_mean": 0.37276522144522145,
	"test_std": 0.08544801046814281,
	"test_se": 0.008544801046814281,
	"metric_names": [
		"width",
		"depth",
		"multi_qubit_gate_depth",
		"total_number_of_operations",
		"number_of_single_qubit_gates",
		"number_of_multi_qubit_gates",
		"number_of_measurement_operations",
		"single_qubit_gate_error",
		"multi_qubit_gate_error",
		"single_qubit_gate_time",
		"multi_qubit_gate_time",
		"readout_error",
		"t1",
		"t2"
	],
	"normalized_weights": [
		[
			0.03541912659985488,
			0.11804481931737658,
			0.07561946630723446,
			0.15670687835067434,
			0.0007389433138281572,
			0.01224996357149021,
			0.05961000776378523,
			0.09673132651835124,
			0.007934803629275837,
			0.015830937174777567,
			0.007902201616297188,
			0.18871265228673342,
			0.026171092957966158,
			0.19832778059235473
		],
		[
			0.1951290002708722,
			0.22347132234124603,
			0.009262616844460727,
			0.0025497155806280874,
			0.001901142998477533,
			0.006861505246507629,
			0.018585148085002886,
			0.10822915184065061,
			0.031249549091790573,
			0.0016226518579610441,
			0.0013917863534447016,
			0.1808312135019115,
			0.03100594883269415,
			0.18790924715435237
		],
		[
			0.157246400230298,
			0.12973201894399186,
			0.026604491680881626,
			0.1342713165126399,
			0.003949940410024642,
			0.02201841452838338,
			0.07065526454985108,
			0.09230825754461389,
			0.005441750233565827,
			0.00187840228743826,
			0.0014759616169934854,
			0.15474646643238518,
			0.04977552689907974,
			0.14989578812985319
		],
		[
			0.03205927369634566,
			0.11967646467622928,
			0.07441311443917739,
			0.1611363108135258,
			0.005173198778618433,
			0.03641783674339504,
			0.02524891670465872,
			0.10631224657128778,
			0.001831288052036837,
			0.005955499065060911,
			0.0005446180756594204,
			0.19502342809736672,
			0.035257721213493555,
			0.2009500830731445
		],
		[
			0.025841198436619157,
			0.0033651474172724494,
			0.15537863095426538,
			0.017876122765684944,
			0.010083168022116371,
			0.01815804696379669,
			0.10255554094146505,
			0.08108893614520482,
			0.009780773600858036,
			0.07510183225309425,
			0.007734267944580013,
			0.17731419390795078,
			0.07719251571371254,
			0.2385296249333794
		],
		[
			0.13557543474014624,
			0.2068163509315934,
			0.0027225368850436285,
			0.032960328266709076,
			0.025544843011938746,
			0.06616897170131388,
			0.06427545038985538,
			0.06957803745541105,
			0.005116429575028104,
			0.005588095652183145,
			0.0035850988513059126,
			0.09986546128094907,
			0.1520682172158916,
			0.13013474404263062
		],
		[
			0.020784426084525152,
			0.18090245178869632,
			0.03350201684747987,
			0.10061898872643564,
			0.0018101839399162324,
			0.06547005701205698,
			0.012094615623246348,
			0.07379751244669995,
			0.0015885488225504815,
			0.0021868210167799483,
			0.0012272790486592146,
			0.1514681013076156,
			0.17550581980329658,
			0.1790431775320415
		],
		[
			0.01552278506274215,
			0.07005180497095591,
			0.00040192975948933436,
			0.18563513819669963,
			0.012625629346781207,
			0.10403627024841268,
			0.03549801463030335,
			0.06429799319081439,
			0.0006096422056734062,
			0.0016490372236927105,
			0.000988172539523315,
			0.1456469596875911,
			0.1798219691256101,
			0.18321465381171073
		],
		[
			0.026434225205136972,
			0.10049645200484879,
			0.0312931981939926,
			0.1397636872370551,
			0.0014825724500851475,
			0.03793040011885245,
			0.1287813671928615,
			0.07849196243042836,
			0.05533769488873266,
			0.0023688804007583257,
			0.0012856021573649636,
			0.11272622152535966,
			0.14377274301920281,
			0.13983499317532055
		],
		[
			0.019762051641800345,
			0.11898083163334293,
			0.04169344250750597,
			0.1340864394687301,
			0.01793569696897751,
			0.045956206056451086,
			0.031836925642648194,
			0.11068702072146927,
			0.0017107428564469764,
			0.006326529033776928,
			0.009473896338012797,
			0.22571542045290677,
			0.014620955056132607,
			0.2212138416217985
		],
		[
			0.02797432339423166,
			0.23061668705602403,
			0.029706321646325532,
			0.01500559387847078,
			0.004555675504007458,
			0.008865811580448652,
			0.007904513211435895,
			0.09571206967126547,
			0.05739455835680911,
			0.0017691592310557142,
			0.0021221541426476673,
			0.1469244400238707,
			0.20188109726627926,
			0.16956759503712815
		],
		[
			0.007026750998840551,
			0.012036062429061904,
			0.006362622506234927,
			0.08942237400089323,
			0.0007772020802521782,
			0.1701359068575511,
			0.002455291578717223,
			0.08870297626355186,
			0.008842610722649026,
			0.07935971509918469,
			0.004113785411764601,
			0.14509387149776987,
			0.19087280082425712,
			0.1947980297292717
		],
		[
			0.0036666617296664027,
			0.2825888962317157,
			0.0043404468556343685,
			0.007963730224302882,
			0.0021468826846539383,
			0.007865214693660676,
			0.016226716066486575,
			0.13842090678399968,
			0.14929606062371534,
			0.0017790347516076024,
			0.0023780801082293576,
			0.002024795454632397,
			0.12100373876616857,
			0.26029883502552664
		],
		[
			0.00045480639783485543,
			0.20894052946311625,
			0.050024425242380335,
			0.036125290824282834,
			0.003958535798413095,
			0.02348479926965929,
			0.13406474858507383,
			0.07775089566436935,
			0.06649307398306989,
			0.012742868126048473,
			0.004397328483127919,
			0.12206428269800666,
			0.04882598890405593,
			0.21067242656056126
		],
		[
			0.05840731365656652,
			0.11564457233035857,
			0.05604955871238375,
			0.15019072888341525,
			0.0018517770082370007,
			0.03825552830990436,
			0.03858499207205855,
			0.06907252032010255,
			0.006746742331232119,
			0.005474979325634413,
			0.003928236954479059,
			0.13275164908728354,
			0.16896248115391393,
			0.15407891985443048
		],
		[
			0.0577300716120445,
			0.17973890350198032,
			0.07892076734379068,
			0.08801577603043644,
			0.00286430588068208,
			0.039102127846812794,
			0.046352269627557716,
			0.07148427386158983,
			0.00551138877625353,
			0.005975829746476476,
			0.0035757801358707987,
			0.10345957790297985,
			0.0774145681154271,
			0.23985435961809792
		],
		[
			0.008115443208482719,
			0.13067805575797234,
			0.07149213007419919,
			0.1716919559244271,
			0.0001749571904962191,
			0.024626246002666503,
			0.025472412734464347,
			0.1001620432659675,
			0.0017587533300277055,
			0.0018339212299860479,
			0.004086191236855068,
			0.20022048664441974,
			0.05553201907471314,
			0.2041553843253224
		],
		[
			0.01577861779244464,
			0.16361857640805239,
			0.05256561318034072,
			0.17241690548042393,
			0.00890031685905881,
			0.004154110166679689,
			0.04819348214310095,
			0.12747015129909472,
			0.005245398355812968,
			0.0032862216303333777,
			0.0006454170086775347,
			0.1799040658616459,
			0.047696583310637926,
			0.17012454050369621
		],
		[
			0.1153529612449507,
			0.10753472133227063,
			0.043721769935454735,
			0.12729683504411324,
			0.0068701947448006305,
			0.05029747700232352,
			0.10852192241781271,
			0.07367514593789525,
			0.0022735923080269174,
			0.00982988288620023,
			0.005385268204099761,
			0.1206673750156232,
			0.10228987090348636,
			0.12628298302294202
		],
		[
			0.046970303895865824,
			0.013125779067424527,
			0.009412802177200778,
			0.069378407554931,
			0.0008237076754521925,
			0.16617409477577286,
			0.0656302090486246,
			0.060771253843147965,
			0.005659736068595044,
			0.05452397721900722,
			0.005181180343482611,
			0.1549464663037371,
			0.1735269101124133,
			0.17387517191434504
		],
		[
			0.0769301693571437,
			0.23702501139940793,
			0.005285376840153347,
			0.010247812844164095,
			0.0023369798307034634,
			0.046247604444258184,
			0.08698990177920818,
			0.0806618317847998,
			0.01186921505932538,
			0.0014300937364177763,
			0.0027026032768563074,
			0.11623395142000038,
			0.1659948478927308,
			0.1560446003348305
		],
		[
			0.0807919018543221,
			0.2182874138369639,
			0.003411976743454143,
			0.00364656032340252,
			0.0064552906827445924,
			0.04947704201668895,
			0.20028154958575592,
			0.08785598443426272,
			0.0009895772957275735,
			0.002039844866459595,
			0.0019635244089631835,
			0.11281926745816026,
			0.23074055863246495,
			0.0012395078606293802
		],
		[
			0.047320329123538306,
			0.08082408181019816,
			0.08774316205744924,
			0.004629945247471086,
			0.0031525478730557257,
			0.12881726391586845,
			0.013572168838455273,
			0.07361324931292042,
			0.006757419165531892,
			0.07609586113278513,
			0.004148669868152601,
			0.14686329538324994,
			0.1350652744664487,
			0.19139673180487526
		],
		[
			0.0449520641661225,
			0.24873931622389922,
			0.026207737398933888,
			0.03172802883437165,
			0.001914187211103676,
			0.026046478475549095,
			0.0549069645837701,
			0.06670640293326481,
			0.06321682186577118,
			0.009538693840736254,
			0.0047969884737809245,
			0.11086292467702762,
			0.018443159768474257,
			0.2919402315471948
		],
		[
			0.057186068989750344,
			0.17013600271864684,
			0.0644080245703982,
			0.0647679938194154,
			0.005556861845831806,
			0.024498393779355247,
			0.13042050786886325,
			0.0820665597459422,
			0.0018320981335627712,
			0.009005991084744584,
			0.007905412951680218,
			0.15356820935859722,
			0.06440196065228913,
			0.16424591448092282
		],
		[
			0.033703209805601486,
			0.10960976979880503,
			0.09024009320916726,
			0.17493515460472028,
			0.0009955213052817264,
			0.0007972716536442267,
			0.043106820933072075,
			0.07408444891741815,
			0.005199226627675725,
			0.0030426716159620707,
			0.0018025773095180534,
			0.10571375183043492,
			0.1734649472347084,
			0.18330453515399037
		],
		[
			0.02606538110067813,
			0.061321968018330356,
			0.06149837495059338,
			0.003226759301485789,
			0.0013780500316288007,
			0.14740938889647429,
			0.01298799085203917,
			0.07897560917599093,
			0.00393191783038165,
			0.06488713758797657,
			0.0030002982180623505,
			0.16960054859064833,
			0.19145137083855332,
			0.17426520460715697
		],
		[
			0.0006081021031906188,
			0.09842734020097317,
			0.05635074959775306,
			0.13890549157924237,
			0.005007478656618249,
			0.02537680214767552,
			0.13675521376008137,
			0.06941128453774909,
			0.004994299328842278,
			0.0026196976842608587,
			0.00427642341266528,
			0.1371272250568109,
			0.15938461041910146,
			0.16075528151503568
		],
		[
			0.04201344027979325,
			0.16999610739190174,
			0.053120798639340105,
			0.037703986331084904,
			0.0025880779781321667,
			0.022844019021360164,
			0.1669201291767371,
			0.06633902612166995,
			0.009700050203830754,
			0.0033360865477402783,
			0.005168126456118129,
			0.12086833828773436,
			0.15495904232654076,
			0.1444427712380163
		],
		[
			0.022378460913709788,
			0.009301542299663863,
			0.007905898026600565,
			0.060928272066398684,
			0.0027616724277756623,
			0.13952320947585622,
			0.1644207440334918,
			0.050328855949595276,
			0.006238227438499538,
			0.0464223092550289,
			0.009242712644873818,
			0.1626082243607208,
			0.1334024059498256,
			0.18453746515795955
		],
		[
			0.18023444206197664,
			0.1928495155579784,
			0.003135001461040753,
			0.020636264671319328,
			0.0040788289213362265,
			0.03975464513427956,
			0.11713297090098486,
			0.06654742585151988,
			0.0046729471548646396,
			0.0029310201730928373,
			0.005792571139461613,
			0.08916301983937261,
			0.17613559259795922,
			0.0969357545348134
		],
		[
			0.12814016067365985,
			0.17217169427690351,
			0.03982694199953759,
			0.022834524157661382,
			0.0006791864763854413,
			0.01477773722214533,
			0.0814916319748745,
			0.06542803889135629,
			0.007137053430074244,
			0.01750118778003382,
			0.0021764867661879877,
			0.13580379937252093,
			0.14098166655222386,
			0.17104989042643515
		],
		[
			0.012377760745550503,
			0.005061207880342213,
			0.16672172804009147,
			0.08491492795532322,
			0.002129184918182535,
			0.001362879145944538,
			0.012293474926406783,
			0.08669554097332989,
			0.0011585730502101561,
			0.07809366975273933,
			0.008198072206386414,
			0.17956006829038906,
			0.1858643376735412,
			0.17556857444156262
		],
		[
			0.015489935002591233,
			0.193888338290348,
			0.08234035525297051,
			0.02188213841214809,
			0.00332679576066572,
			0.04484425762862624,
			0.1659852594091375,
			0.07563170611585894,
			0.007041802050485226,
			0.005819108766791558,
			0.0028719479181396512,
			0.09652492986661598,
			0.20603800365477887,
			0.07831542187084237
		],
		[
			0.012134768141746006,
			0.003923853655788036,
			0.15317983025013063,
			0.10469333899998551,
			0.0026458019102704347,
			0.048165547489406484,
			0.04111194415031338,
			0.06812446453648575,
			0.0036519071863492236,
			0.021472432434032483,
			0.007724123369004846,
			0.1706415097367815,
			0.16406503147902396,
			0.19846544666068175
		],
		[
			0.1595954727798347,
			0.08097589398742676,
			0.08611091030690644,
			0.15995395502342183,
			0.004835112663893119,
			0.010816259790520191,
			0.0033629012300016776,
			0.08764079280922726,
			0.0037500291049038254,
			0.009179812574475778,
			0.0011446328513776546,
			0.11863949713831809,
			0.10271749487266518,
			0.1712772348670275
		],
		[
			0.015051004811907062,
			0.02917305366165877,
			0.10057414338629042,
			0.22218057831083612,
			0.010366826133990878,
			0.02528554105304725,
			0.009922520206210154,
			0.08620112121557355,
			0.01691771490182464,
			0.012761630847983662,
			0.0014882433514930556,
			0.11350850126924049,
			0.22398786985678512,
			0.13258125099315884
		],
		[
			0.041958433883254556,
			0.0025213264847487107,
			0.15136077012204194,
			0.08137129215052066,
			0.0008524185954910459,
			0.01858967484587104,
			0.1328854208040453,
			0.049322395453237904,
			0.004253998975960001,
			0.05005820240022179,
			0.002620533136431529,
			0.1486526376144474,
			0.16134919821538293,
			0.1542036973183452
		],
		[
			0.017325359012764895,
			0.10645500683371728,
			0.17050173725141046,
			0.006465172778122728,
			0.0010665704190472895,
			0.007528053206673143,
			0.007713789453609269,
			0.0630748621626839,
			0.00628588453551856,
			0.07406266330859634,
			0.010880420596219699,
			0.1606982018111874,
			0.1874382784729266,
			0.1805040001575225
		],
		[
			0.0402250114036029,
			0.011360964531176963,
			0.13596031493670482,
			0.07486351133042275,
			0.00037424655531761666,
			0.04867670776720012,
			0.11408383305014136,
			0.07037218170311985,
			0.005795718392640051,
			0.04475740161451645,
			0.0012209808511698219,
			0.1404099890128393,
			0.15425654548686676,
			0.157642593364281
		],
		[
			0.0562257956662695,
			0.09470918747681967,
			0.10593530768215224,
			0.1500827057196019,
			0.0021601926153230703,
			0.032540904888921536,
			0.04375633511083758,
			0.07307318132947956,
			0.0018687327269035386,
			0.0022747334883799586,
			0.0019389788258937716,
			0.10085397736263288,
			0.1665416975205296,
			0.16803826958625526
		],
		[
			0.042896425604673195,
			0.12535713838628249,
			0.017355994286582233,
			0.15012514742524422,
			0.009607051455160527,
			0.08101499701183576,
			0.037910903856162394,
			0.0888098505493747,
			0.0068135879026053675,
			0.01162893953542583,
			0.000168659677092136,
			0.16029886962065476,
			0.11135727210299555,
			0.15665516258591083
		],
		[
			0.048069897529888855,
			0.25733404161920764,
			0.017179114607088077,
			0.008494838734872969,
			0.0028484247509454703,
			0.008695986154642614,
			0.006975852521397442,
			0.10716228151375896,
			0.1161038571377493,
			0.032904726651870754,
			0.010925685259836263,
			0.022350461338432638,
			0.14834716447325522,
			0.21260766770705372
		],
		[
			0.1348943530359328,
			0.1041787130325731,
			0.04449559563729465,
			0.1250912803655445,
			0.0023423972220336644,
			0.04683715591016897,
			0.1366975190924638,
			0.04766156393377438,
			0.0014975065337483068,
			0.006007094994911676,
			0.0005680139596487289,
			0.09591788678949027,
			0.11944749680959034,
			0.13436342268282478
		],
		[
			0.03652101305742435,
			0.06589055858427863,
			0.09033359499351598,
			0.0014672132181548611,
			0.0018259150934083227,
			0.10691681415206948,
			0.16299126244293274,
			0.07727422461433557,
			0.01077645373277427,
			0.02744626866564538,
			0.011016037389439893,
			0.12131631107400224,
			0.0866567165713413,
			0.19956761641067688
		],
		[
			0.01818913457375306,
			0.08043062276797182,
			0.07590614059231167,
			0.13956462168708364,
			0.0036924536747811195,
			0.06170885337704785,
			0.03517309718362336,
			0.05678467550409031,
			0.012932120497980542,
			0.04490840421620264,
			0.005463220583469811,
			0.1360585783869207,
			0.16165669925772186,
			0.16753137769704157
		],
		[
			0.025792504625401367,
			0.253789631812491,
			0.04955151708436342,
			0.025689632267251326,
			0.013288403968727401,
			0.045283649064289916,
			0.12793533824193712,
			0.0616754321259681,
			0.03262711712254183,
			0.0016607781334263183,
			0.004705117501333787,
			0.09476584189356882,
			0.014058202084162209,
			0.24917683407453725
		],
		[
			0.027722378578216206,
			0.11262981922807683,
			0.04281964048359156,
			0.1351386388525799,
			0.004671934450218585,
			0.005887806679562062,
			0.0045468254618067205,
			0.06343657587314407,
			0.08426543732363251,
			0.04570010262371043,
			0.008777800774088467,
			0.15266217551829098,
			0.1224325423876993,
			0.1893083217653824
		],
		[
			0.1508148020607901,
			0.15811758696117192,
			0.0498373558920229,
			0.011145189665496545,
			0.0030999037832058936,
			0.023888334710319186,
			0.1537346962254866,
			0.04982803468049691,
			0.0026105354157578164,
			0.07453600601045261,
			0.004852638667990289,
			0.06718500499708777,
			0.1504897141886621,
			0.09986019674105953
		],
		[
			0.005010416273759545,
			0.0035588792243601373,
			0.10032246532700155,
			0.05571874789854169,
			0.004969984529019952,
			0.10533286244115898,
			0.12307511065789402,
			0.07868073062634352,
			0.008018244220158946,
			0.04805383793472424,
			0.023529507545093076,
			0.15197814652408162,
			0.15461958858225422,
			0.13713147821560845
		],
		[
			0.12869798592286733,
			0.10472016128621955,
			0.01008638472543345,
			0.13685600293544345,
			0.0019311244528303726,
			0.028147361274621075,
			0.09523975757987194,
			0.08781832738958394,
			0.013461113641309305,
			0.019368782158427543,
			0.009223626169633969,
			0.1685865120313075,
			0.00979093054030523,
			0.1860719298921453
		],
		[
			0.013778716182179787,
			0.01575485633899821,
			0.00517659749501197,
			0.04128580030841737,
			0.00187944762280521,
			0.15034066903572568,
			0.20652833492749043,
			0.06860023103327381,
			0.0065083567643194895,
			0.043992322753192786,
			0.005142174703262171,
			0.14695460963954113,
			0.06919069007727921,
			0.22486719311850267
		],
		[
			0.07293418158861828,
			0.005598096988688533,
			0.05204046038636308,
			0.17679574525599634,
			0.002424465093506948,
			0.032155411073799,
			0.13406181514906568,
			0.07239571480178128,
			0.0023232510905893847,
			0.0018663777590246556,
			0.00219067282714082,
			0.13110085527086424,
			0.140781519204456,
			0.17333143351010577
		],
		[
			0.14265207544328734,
			0.08170545465144298,
			0.08233248272005617,
			0.13700653408281718,
			0.0011198166892046504,
			0.017706085594852834,
			0.010187563825888722,
			0.07598755198766098,
			0.0025663712281964227,
			0.01745518157302054,
			0.001031348194101399,
			0.14313374840892396,
			0.14609365089887486,
			0.14102213470167202
		],
		[
			0.14967207476207292,
			0.08954869398586149,
			0.0736985135770015,
			0.14521293597130008,
			0.006229008701496637,
			0.004203636374590708,
			0.015515602150708713,
			0.06574744496744203,
			0.0027521277555240743,
			0.0024634064335271604,
			0.0005834772983982799,
			0.13668910881821278,
			0.15463076217884006,
			0.15305320702502356
		],
		[
			0.09042172970783821,
			0.21270513267195026,
			0.07523469344096798,
			0.009929857679053257,
			0.004923028502348204,
			0.06277833384770816,
			0.024393593994549923,
			0.06536865815659043,
			0.0021494704345277785,
			0.002393010405415973,
			0.001359617263955155,
			0.11859032472588583,
			0.2101677410348063,
			0.11958480813440264
		],
		[
			0.005922601766115941,
			0.06069205081527061,
			0.0259069892107448,
			0.18856111713711812,
			0.002074232031793159,
			0.09206894484852168,
			0.08290828744713191,
			0.08731258714439138,
			0.002950063895062306,
			0.007841636137440485,
			0.005268883515955922,
			0.2018369107035153,
			0.025071673558866046,
			0.21158402178807229
		],
		[
			0.022083245521732905,
			0.07809415690084212,
			0.008879482783740416,
			0.16562740390140146,
			0.002456974503384152,
			0.04783492398140323,
			0.11877450642195223,
			0.07240621472953374,
			0.012682672694717878,
			0.0015252136750346082,
			0.0014147522760358353,
			0.1466693111071541,
			0.15015772012020942,
			0.1713934213828579
		],
		[
			0.20544102415167428,
			0.2251900475518231,
			0.030003790206731926,
			0.04877201194770579,
			0.0013996884883202552,
			0.006016657135369323,
			0.007976387634279962,
			0.05520083048022438,
			0.001793608221840596,
			0.001216916686565265,
			0.0029171360115027006,
			0.19815005771019265,
			0.010454455918318197,
			0.2054673878554516
		],
		[
			0.018500488716046308,
			0.073157024191334,
			0.07221549681509103,
			0.16674088724788447,
			0.0024013513756991566,
			0.0018515112916286992,
			0.17451516548552448,
			0.08755926704844597,
			0.0014464155355083813,
			0.006922812175439306,
			0.003299545331885734,
			0.17387893861746417,
			0.02478643128439107,
			0.19272466488365708
		],
		[
			0.05344344333605302,
			0.021808709457237025,
			0.04415069240504485,
			0.07758347946144376,
			0.004079325925261942,
			0.1429508772100188,
			0.03506482091553166,
			0.07410373601715733,
			0.008176075703438725,
			0.05027248073194964,
			0.016471429082577385,
			0.14115922956729726,
			0.1510551153515433,
			0.17968058483544536
		],
		[
			0.016437323901805495,
			0.1477467850146616,
			0.008082616392233316,
			0.16812978734757308,
			0.00808767192680069,
			0.05636296616795707,
			0.026070829503597504,
			0.08543658056056293,
			0.005968055343445099,
			0.016399608139480947,
			0.002791576864890254,
			0.11805604618446024,
			0.22611626643474053,
			0.11431388621779133
		],
		[
			0.13001808327340456,
			0.16673059532227247,
			0.05690405845268487,
			0.055211469599857475,
			0.001562862615092411,
			0.025216769112419563,
			0.04419819545560828,
			0.06234438019846647,
			0.0025054319861116357,
			0.004255897344059794,
			0.0022501486891704915,
			0.13390175821204436,
			0.16515694102852702,
			0.1497434087102807
		],
		[
			0.015654570521413894,
			0.21539691744912476,
			0.01958116041590523,
			0.024484580158765912,
			0.0016486869699301264,
			0.07096264969181441,
			0.03713076392371728,
			0.07335495948200926,
			0.00349215366534296,
			0.012021700370202887,
			0.007282160838554454,
			0.15325607165487717,
			0.18749369175609173,
			0.17823993310224995
		],
		[
			0.03662833140152123,
			0.013173636141391339,
			0.016924755596263982,
			0.03725815682186271,
			0.003216085401740712,
			0.13755027061602548,
			0.12447072380699913,
			0.0810159751369124,
			0.013523269238737794,
			0.05431868245254739,
			0.008361773403773705,
			0.1573601741657713,
			0.1025854089517655,
			0.21361275686468734
		],
		[
			0.03984383357705967,
			0.001804785487818868,
			0.14345186122968243,
			0.0728352993627071,
			0.0019694742293515336,
			0.028327630603945903,
			0.08242101685025507,
			0.07193972403780018,
			0.00425913076263777,
			0.08095455361908677,
			0.00662785152952761,
			0.14538029719868312,
			0.1260656600795336,
			0.19411888143191044
		],
		[
			0.022815012883637412,
			0.20583162613268383,
			0.09407887305148165,
			0.005775768083941339,
			0.00598289888907788,
			0.03774011115832773,
			0.08709841066470256,
			0.07184680835518019,
			0.005323891870333221,
			0.01965773858045886,
			0.011071307237186611,
			0.15079089899588935,
			0.10236187590137136,
			0.17962477819572803
		],
		[
			0.017272144554956768,
			0.21417189536950643,
			0.0018880408612645502,
			0.004241285574298207,
			0.005942342737543924,
			0.0017091086838364473,
			0.2165449742247934,
			0.1011092887483753,
			0.04267875804366958,
			0.0071302699682798,
			0.009522976109759562,
			0.13998851970707224,
			0.02212682688315045,
			0.2156735685334933
		],
		[
			0.013676756101241635,
			0.06599852009955277,
			0.07570118583245468,
			0.18097789410103293,
			0.004011535078440921,
			0.01003976969980539,
			0.0986196953816635,
			0.07412597879404269,
			0.002002657802429336,
			0.0023741193315127596,
			0.003922346542056385,
			0.12461840775942272,
			0.14759826867936587,
			0.19633286479697842
		],
		[
			0.062460660179754025,
			0.003831707975171533,
			0.14643646354899276,
			0.059751909215091166,
			0.004110432021332023,
			0.027432343149855352,
			0.16837119873663592,
			0.04963853282478671,
			0.0017117166666575606,
			0.05749501136425977,
			0.002251885906411724,
			0.1577268639542433,
			0.08369550461613165,
			0.1750857698406766
		],
		[
			0.008553181960976382,
			0.0675710982774025,
			0.09520724158907598,
			0.14405065407920456,
			0.004910695461262985,
			0.03953221483517983,
			0.148183006573548,
			0.06859308730259127,
			0.006232170653417816,
			0.0058705410561402036,
			0.0021663722468758463,
			0.10985749595619629,
			0.20377653116748914,
			0.09549570884063935
		],
		[
			0.0308046757794095,
			0.09598731449202627,
			0.0062916024883112485,
			0.019469523531880414,
			0.0017042963160030311,
			0.1312159768052047,
			0.12802411710188566,
			0.08856140985359465,
			0.0029807580652364573,
			0.0502169932777431,
			0.007694655386915863,
			0.11924176943413056,
			0.16903681847324428,
			0.14877008899441427
		],
		[
			0.04235223800652418,
			0.14638393145980613,
			0.05685069130989882,
			0.004171836442658465,
			0.0018209639918626457,
			0.09466616597035192,
			0.05323671793091765,
			0.07191711411533543,
			0.00806660591862614,
			0.03535190791243573,
			0.013431549425152936,
			0.13843314155022818,
			0.1676671451941155,
			0.16564999077208628
		],
		[
			0.028171186807876954,
			0.07642448419206224,
			0.019427980284827232,
			0.11850041868120387,
			0.0014672136161118935,
			0.08711560625404902,
			0.15220440389353643,
			0.08526869264513737,
			0.005309724380553753,
			0.00857192687288778,
			0.0033625356113740996,
			0.11732399311685672,
			0.1438732544938932,
			0.15297857914962942
		],
		[
			0.0068860682394884,
			0.0197864371601523,
			0.16686766119306634,
			0.05057389149772406,
			0.0014905760478987854,
			0.011796395371467872,
			0.07760634853967135,
			0.03168732381429775,
			0.024300346335783554,
			0.07097542118688685,
			0.01679698636545015,
			0.1668093051645769,
			0.13104557736750372,
			0.223377661716032
		],
		[
			0.11674574247994447,
			0.005485757905876407,
			0.03151380312278921,
			0.10543580667428747,
			0.008746476398631305,
			0.09863332882046719,
			0.17903463290189087,
			0.09013879533350166,
			0.006243702424272679,
			0.00337648080026531,
			0.011820778014462501,
			0.1236885291283787,
			0.21012588673392132,
			0.009010279261310858
		],
		[
			0.15358446712575055,
			0.07625735182931728,
			0.06499712858860948,
			0.1168404647673657,
			0.004295886060845533,
			0.048623757526025144,
			0.20454440400149926,
			0.05147249583897809,
			0.013119366695734266,
			0.00041303404096543347,
			0.0012800001626563512,
			0.02989585273056798,
			0.018825663372277025,
			0.2158501272594078
		],
		[
			0.021862577424885128,
			0.21974909357722938,
			0.08847457838233469,
			0.04850782651011172,
			0.00553420641020866,
			0.0047659547947395105,
			0.05104299985666665,
			0.08666812372596613,
			0.0027940183185795045,
			0.0033475435048717275,
			0.0035248809775282465,
			0.10139699758327515,
			0.22377866538789817,
			0.13855253354570538
		],
		[
			0.039800581030371394,
			0.12228931264905168,
			0.05887669369314348,
			0.13815013808447865,
			0.010863684620510815,
			0.014924126712461617,
			0.08144816573498732,
			0.08088312921027856,
			0.017886503075786653,
			0.0043358729481033365,
			0.006910446503908239,
			0.12151815457903697,
			0.16225778138974822,
			0.13985540976813315
		],
		[
			0.009322204097863308,
			0.19523900212957512,
			0.09557367355078918,
			0.030637021024332956,
			0.001968612286092726,
			0.003800307286960928,
			0.13639433557482872,
			0.08022609574829426,
			0.005816762796514594,
			0.0011610775321381987,
			0.0025791431519451313,
			0.1103264166380558,
			0.1954775975406739,
			0.13147775064193531
		],
		[
			0.01056280589959763,
			0.1102435857283645,
			0.011904413975107808,
			0.14766362591194646,
			0.0035497508801463186,
			0.093166005141006,
			0.13445883684665855,
			0.05399810591289852,
			0.0044635726624163334,
			0.007582394255231546,
			0.003746926403850812,
			0.1175427372234808,
			0.15415315792767212,
			0.14696408123162244
		],
		[
			0.017060632881360095,
			0.22878949767571002,
			0.04226248948777663,
			0.018141810322973743,
			0.002107945908158619,
			0.03254178897422147,
			0.10217982117164012,
			0.10355458012141255,
			0.0022333820621521865,
			0.0026634653947340573,
			0.00106021531635112,
			0.14571120929780487,
			0.2162713407502484,
			0.085421820635456
		],
		[
			0.019546087660321797,
			0.005012485829523235,
			0.07556414234390493,
			0.05170388161554733,
			0.0012756594167283542,
			0.14018881301196853,
			0.05223989500525457,
			0.06572026393917874,
			0.0033672924909836947,
			0.08455673012364985,
			0.00474906198709636,
			0.17857524094856847,
			0.11389249171406116,
			0.2036079539132129
		],
		[
			0.15268302238990183,
			0.11968792523764493,
			0.013458384160952158,
			0.12487656848654591,
			0.0012374649576287096,
			0.018458318581457075,
			0.15449978567947578,
			0.08865342062567283,
			0.006697898798956311,
			0.0013179332682115314,
			0.0025505563535165956,
			0.1424185169510657,
			0.01770395537350401,
			0.15575624913546654
		],
		[
			0.014382305147330464,
			0.007950097502701682,
			0.02814256473109997,
			0.0744296775869086,
			0.0014069489899452782,
			0.14547175595429981,
			0.007759238566577295,
			0.06593557143553395,
			0.05193971274840804,
			0.08806809416985496,
			0.006365961749731102,
			0.15498126391136444,
			0.17015429978887878,
			0.1830125077173656
		],
		[
			0.019703605338197455,
			0.07442273557795663,
			0.01848829891913316,
			0.15066564767145263,
			0.0011221504984031403,
			0.06651155638754369,
			0.20343588089052078,
			0.04380543153992826,
			0.05127217067503262,
			0.0034768352091533792,
			0.003936876415514977,
			0.14781669892030086,
			0.012291457486975002,
			0.20305065446988774
		],
		[
			0.16010115843998876,
			0.15901626761773854,
			0.0864369329065728,
			0.0069840079622583455,
			0.00022488830235614277,
			0.021802424656609594,
			0.06138706396766586,
			0.0005285915628322528,
			0.0546530666901478,
			0.0790756662825318,
			0.006458476891870456,
			0.0847990818480282,
			0.1660428458440886,
			0.11248952702731063
		],
		[
			0.13646585000974346,
			0.10513922210267534,
			0.0780780149236721,
			0.14580617682478003,
			0.00022465235474444607,
			0.022646514611276345,
			0.02736197160919462,
			0.06440399687828459,
			0.0012074622614155098,
			0.0008942378791789047,
			0.0009184340258607623,
			0.09509851364564789,
			0.16001806843743183,
			0.16173688443609416
		],
		[
			0.029707023542606063,
			0.020789545364419453,
			0.12789841184465878,
			0.0829608313850139,
			0.0018670883305123068,
			0.0413775193717664,
			0.12267780207244257,
			0.072042234036203,
			0.0028643112899399675,
			0.03978007942638589,
			0.010207370944211041,
			0.13490684796678576,
			0.15473632200543888,
			0.15818461241961615
		],
		[
			0.04439291785851443,
			0.00619569879194801,
			0.07036365131576018,
			0.07717967631239299,
			0.0017805542454115933,
			0.12148954945081132,
			0.08481273285465993,
			0.07746915255304031,
			0.004026138565071081,
			0.05702627455104818,
			0.005538761847854802,
			0.14690401476250095,
			0.14885996368379953,
			0.15396091320718683
		],
		[
			0.002131617866164189,
			0.06592504066753659,
			0.0770289618123436,
			0.16065155184799326,
			0.0011103564494525625,
			0.059410567958592966,
			0.05822272179395881,
			0.06599757996822847,
			0.006539678513245877,
			0.02421675038384971,
			0.004371165786849899,
			0.13292242735003448,
			0.16997372658824486,
			0.1714978530135047
		],
		[
			0.07405289394284666,
			0.0843075685001599,
			0.18357587682120663,
			0.005834085176820599,
			0.014673842500711742,
			0.01367483074277052,
			0.04000976042641135,
			0.0840003699806439,
			0.0024720842952574112,
			0.009479716022225058,
			0.003759991907541821,
			0.15905771604568916,
			0.06086515382324183,
			0.2642361098144735
		],
		[
			0.01303968655104448,
			0.13928743450505443,
			0.11023191922798199,
			0.12256053316502039,
			0.008566133045177901,
			0.021828108007333466,
			0.05210442346206797,
			0.05054097457011563,
			0.004500769544777902,
			0.008271447530944031,
			0.009046335010687983,
			0.11881439981490265,
			0.07815972970731404,
			0.2630481058575772
		],
		[
			0.005530756861864057,
			0.08079468253218457,
			0.00016265817973684153,
			0.17129095787248272,
			0.0008152461389459652,
			0.10271080796738287,
			0.03196378583021557,
			0.11239810987691634,
			0.0025621004416442276,
			0.0034052112510855265,
			0.002356720918505151,
			0.15718922204982708,
			0.16900512563887443,
			0.15981461444033454
		],
		[
			0.08044550729353404,
			0.21046723760046682,
			0.06645287678799212,
			0.10739202923767062,
			0.004320565968103544,
			0.0204040906239287,
			0.03926647379365335,
			0.07077559277131362,
			0.001601350090083382,
			0.0033260190919364545,
			0.002299824113400641,
			0.08672704810065557,
			0.07283204559343343,
			0.23368933893382784
		],
		[
			0.007773671987288087,
			0.20914045095622186,
			0.003265573803143798,
			0.009249452877397318,
			0.00331714906288917,
			0.011492046279248604,
			0.021551089643302195,
			0.09032661631404965,
			0.03020045869910079,
			0.02650615584067713,
			0.007760545908895097,
			0.18561350608485666,
			0.17863657993986687,
			0.2151667026030627
		],
		[
			0.018031185053020447,
			0.11329145738554315,
			0.04757978638520652,
			0.14696765138590623,
			0.006250783755504129,
			0.04287575711605599,
			0.09506716638735169,
			0.09481035097036296,
			0.03693678579705207,
			0.0037453676728182485,
			0.008040714307010826,
			0.11464933212935152,
			0.046971543635693995,
			0.22478211801912207
		],
		[
			0.13528549713128746,
			0.08172273950974593,
			0.11135056644217302,
			0.010192571094799877,
			0.0048265565038251145,
			0.06291355023959579,
			0.08204313140412074,
			0.07200062085655647,
			0.003947897203194092,
			0.012334770442256343,
			0.008704043619456212,
			0.126372081646058,
			0.14549372162494775,
			0.14281225228198316
		],
		[
			0.04338035361682696,
			0.19250430001238641,
			0.03182204004804978,
			0.011229813096418408,
			0.0015189413825276868,
			0.020087175959616496,
			0.18731883684151027,
			0.06536368393326042,
			0.002210870462770876,
			0.0009423228881089955,
			0.0009520026145505739,
			0.12788582763994388,
			0.16529611332511324,
			0.149487718178916
		],
		[
			0.046820874615261236,
			0.09786507618319328,
			0.06479321844566835,
			0.14932532976944213,
			0.0055557736180889385,
			0.06537482181094975,
			0.06940262892084055,
			0.07418557685670174,
			0.0028982486695208467,
			0.006669794531042798,
			0.0005961883855541019,
			0.08782473171946335,
			0.11975564190107663,
			0.20893209457319628
		]
	],
	"weights_mean": [
		0.0535340403364919,
		0.11315493722341166,
		0.059688249896325055,
		0.08580627635431103,
		0.004011826931817487,
		0.049780709979721706,
		0.08201264310677672,
		0.07573452899338022,
		0.013903510151280584,
		0.02182146471476693,
		0.004984655281118646,
		0.13505492991221454,
		0.12841307199699173,
		0.1720991551213918
	],
	"weights_std": [
		0.05204877940898662,
		0.0760815323721994,
		0.04532428463558057,
		0.06204579071398845,
		0.003942271581879656,
		0.04375893000732857,
		0.05871960268949716,
		0.01882711211078867,
		0.02384029307746977,
		0.02591931811050058,
		0.004015663924984771,
		0.03589926045676143,
		0.06094702966744123,
		0.04612778728816239
	]
}
