{
	"training_mean": 0.2804743148008454,
	"training_std": 0.05609618062762656,
	"training_se": 0.0056096180627626556,
	"test_mean": 0.21828152907698367,
	"test_std": 0.11731233033861181,
	"test_se": 0.011731233033861182,
	"metric_names": [
		"width",
		"depth",
		"multi_qubit_gate_depth",
		"total_number_of_operations",
		"number_of_single_qubit_gates",
		"number_of_multi_qubit_gates",
		"number_of_measurement_operations",
		"single_qubit_gate_error",
		"multi_qubit_gate_error",
		"single_qubit_gate_time",
		"multi_qubit_gate_time",
		"readout_error",
		"t1",
		"t2"
	],
	"normalized_weights": [
		[
			0.0003289321935967531,
			0.16394426095315437,
			0.02889364840365654,
			0.1635974180488269,
			0.01073645757332063,
			0.14545841655787153,
			0.07997602624700881,
			0.0015567922721991798,
			0.021489846885622717,
			0.16380647967186435,
			0.08652988586368343,
			0.017002954225682782,
			0.011325099338411268,
			0.10535378176510055
		],
		[
			0.13940848167059092,
			0.13579698009865288,
			0.1362555204327338,
			0.05203403865226288,
			0.0015812486017399668,
			0.13932367919945163,
			0.06678319670382064,
			0.00849487740002178,
			0.010150940564145275,
			0.13909787655863354,
			0.007632839479688414,
			0.09486169513377495,
			0.020687916489133717,
			0.04789070901534967
		],
		[
			0.19179430248980595,
			0.19939197721243743,
			0.0007178165165288632,
			1.4489805271506196e-08,
			0.006041099615466217,
			0.13843669591804725,
			0.19951497585129477,
			7.7039612413416e-05,
			5.69958132653547e-05,
			0.18091811124012686,
			0.0006346487917252527,
			0.029137791254225245,
			0.0003844814707981426,
			0.05289404972405995
		],
		[
			0.15156194165108886,
			0.1517597479440271,
			0.1508000888282859,
			0.0001453603089711428,
			0.15177394087967985,
			0.15177339404159557,
			0.006802059636363319,
			0.024506294850326318,
			0.019157104029478872,
			0.12418288467625946,
			0.009851466165232636,
			0.05560375919143449,
			0.0005104713136472621,
			0.0015714864836092182
		],
		[
			0.24252208601855246,
			0.04352792194898521,
			0.10145004963563313,
			0.24250547410520715,
			0.0028370141956001347,
			2.205556085049682e-06,
			0.02520498988329189,
			0.0008302749418745908,
			0.001923634506693137,
			0.2425203602195802,
			0.0009470652592582293,
			3.540543736567617e-05,
			0.09486224567988687,
			0.000831272611986286
		],
		[
			2.9146573787575157e-05,
			0.1523106518849286,
			0.15219525014022423,
			0.15230997167825938,
			0.15215940033723177,
			0.15231318092935256,
			0.031018248617860695,
			0.00023425182883242323,
			0.055556465196649446,
			0.08003431884875407,
			0.0638016498002985,
			0.008029052002133146,
			6.012727791925469e-08,
			8.352034409636298e-06
		],
		[
			0.033288210653725864,
			0.17104984461473716,
			0.17095182638010684,
			0.16584020237929592,
			0.17097361125307775,
			0.17103854172592547,
			0.0007766951679928268,
			2.6253016216522463e-05,
			0.0002729532688916278,
			0.0005039556823236426,
			0.10498861744525238,
			0.008446352710317172,
			0.00012826142226153304,
			0.0017146742798753289
		],
		[
			0.02593082277950857,
			0.15125624011562552,
			0.15121128324115174,
			0.03286748688489943,
			0.13803126804232504,
			0.01967639702141319,
			0.08460520096601767,
			0.017524213424403152,
			0.005692240958964308,
			0.14988557267738833,
			0.0056847103739042755,
			0.07588004895260486,
			0.046628654311934664,
			0.09512586024985933
		],
		[
			0.13841075488846338,
			0.13389238218526267,
			0.14455162572251662,
			0.035612240761735664,
			0.0002627015296205068,
			0.14458051816790432,
			0.11471652934886037,
			0.0001107079978779165,
			3.051562680840939e-05,
			0.1445648234844849,
			0.018224092202321778,
			0.04875571420085587,
			0.00016197067797617192,
			0.07612542320531165
		],
		[
			0.11376601672658453,
			0.1150082146945599,
			0.11191821255704788,
			0.11500581902721739,
			0.11499329191032606,
			0.11411343837874423,
			0.11243537147863066,
			6.46766226522679e-06,
			0.00021707163655974336,
			0.11487604324257972,
			0.002728135313460274,
			0.013343094469392271,
			0.00018936347031092728,
			0.07139945943232129
		],
		[
			0.1311402538419231,
			0.13090755878316734,
			0.13112806083140677,
			0.1311649806290237,
			0.13116066165870838,
			0.08371444671389568,
			0.03119767232220515,
			3.423418210677353e-05,
			5.189283120411283e-05,
			0.13114224851712664,
			0.09114441771311535,
			0.007085211269197988,
			0.0001277682852235561,
			5.924216955353459e-07
		],
		[
			0.034925631911512274,
			0.1462488617715994,
			0.142145593103328,
			0.11171550165546759,
			0.09622740279783032,
			0.06579126539802994,
			0.09531636000899937,
			0.018243684291154763,
			0.007044932276434166,
			0.10158899618411169,
			0.061900626433654994,
			0.05676126870674671,
			0.011598907508191768,
			0.05049096795293901
		],
		[
			0.003694157573860675,
			0.21568148670727091,
			0.07148788519109311,
			0.0018467354801774683,
			0.21134161157485373,
			0.14172256283581758,
			0.07282931856960047,
			0.002769648731303459,
			0.004946633525308881,
			0.2101064206287081,
			0.007462478623761765,
			0.008270970561578547,
			0.0030528086289870362,
			0.04478728136767801
		],
		[
			0.00023015360980801678,
			0.1273647729086704,
			0.07111464368074827,
			0.19980622716530677,
			0.1998060961509513,
			0.19959092089620598,
			0.0019703988202457857,
			1.3811564541296928e-05,
			2.504787102534424e-07,
			0.00013375502309082737,
			3.9452126731406444e-05,
			0.19980168329235884,
			6.554138388181655e-05,
			6.229289874923761e-05
		],
		[
			0.039471331193607524,
			0.1500995590091626,
			0.14788621352506234,
			0.0953360964142425,
			0.04030898767126258,
			0.0010230819976361548,
			0.07611503646321095,
			0.00023833783700903216,
			0.09016934543054661,
			0.14950492945812943,
			0.009098108454432749,
			0.15012109675296254,
			0.05027706117534526,
			0.0003508146173897775
		],
		[
			0.10584032344681701,
			0.1058403232982031,
			0.10563848813618881,
			0.10583111861576283,
			0.10560844161734141,
			0.0844387497415813,
			0.1028465032676358,
			7.69036468055983e-05,
			0.00019809828216513787,
			0.1058321305652933,
			0.00013680600769641762,
			0.1057301959678172,
			0.07183151367732063,
			0.0001504037293714639
		],
		[
			0.21400527484777443,
			0.017146619335792798,
			0.2286542195700127,
			2.3028267699415438e-05,
			7.584740216973669e-06,
			0.22865657978489154,
			0.0799429676987436,
			5.3903726964601745e-06,
			2.34275625059134e-05,
			1.2007921586351341e-07,
			3.119024695494198e-06,
			3.2817468649676747e-07,
			0.0028948555977992016,
			0.22863648494326916
		],
		[
			0.18144147390220755,
			0.1959492642830348,
			0.0027381712721516486,
			0.14032902808095157,
			0.00013848946368882217,
			0.19571810160061148,
			0.006333540926122315,
			5.706183386977358e-05,
			5.619662860716554e-05,
			0.08870582497074234,
			0.0003599084305728095,
			0.04245071928063519,
			3.454645642651501e-05,
			0.1456876728703779
		],
		[
			0.019970413784588303,
			0.13908112503023587,
			0.13915068574249204,
			0.1390051763526471,
			0.13921617384690474,
			0.028142608894958163,
			0.07263497624097891,
			0.011666420725895958,
			0.03141577729186219,
			0.13079742000526517,
			0.009911641717141931,
			0.09599528352041058,
			0.009614271818009836,
			0.033398025028609155
		],
		[
			0.0983675264747375,
			0.1314638547277125,
			0.13051519027192446,
			0.13140479597410779,
			0.00042565200124485193,
			0.13144896136186554,
			0.13083794213499894,
			0.002384028641872187,
			0.051531249395668124,
			0.1308158873716012,
			0.001247006558643399,
			0.05735671253077977,
			0.0010666102419194857,
			0.0011345823129243504
		],
		[
			0.0006226724915282499,
			0.13331568793704396,
			0.13108030285627117,
			0.1332802628029276,
			0.0360249307391191,
			0.0904406155813178,
			0.13012049768817208,
			1.094479678709558e-05,
			0.002092580328950172,
			0.06362007785637852,
			0.07132425200397927,
			0.005266387519330983,
			0.13336551187677162,
			0.0694352755214223
		],
		[
			0.11029454427201607,
			0.11044373699845889,
			0.11090401817575961,
			0.10821316171158421,
			0.11101041389643226,
			0.11033800844989448,
			0.007239370201071783,
			0.0007574305377032913,
			0.0023399652783927813,
			0.10940200458821622,
			0.013000816581239341,
			0.11107543136321561,
			0.00011361217893721228,
			0.09486748576707807
		],
		[
			0.11924056882928913,
			0.1289683203069229,
			0.15075121439009387,
			0.15085053559546627,
			0.0728845749367219,
			6.623525046895183e-05,
			0.06449834870126259,
			2.006892107343356e-05,
			0.00013129318189618815,
			0.14932519876201178,
			1.5360101974236747e-06,
			1.3768196469848495e-05,
			0.012777243865720912,
			0.15047109305240478
		],
		[
			0.10812779402394707,
			0.1081499657267916,
			0.10774227844591411,
			0.0747251151235293,
			0.10726603461304005,
			0.0868820971479955,
			0.10457030275251532,
			0.002819543768535038,
			0.001857781586012247,
			0.10265003508592146,
			0.03301319354546567,
			0.09395223042694435,
			0.001312689180004802,
			0.06693093857338343
		],
		[
			0.08692286936480592,
			0.12508426468770387,
			0.04151117062196115,
			0.12501082280189926,
			0.12504772111470835,
			0.008875998492796976,
			0.11265725705993576,
			0.0004900825581253672,
			0.02787917165044663,
			0.12471083420386865,
			0.050396815761143195,
			0.12508510228124767,
			0.010709795773022543,
			0.035618093628334464
		],
		[
			0.12222454657790739,
			0.1236002394268243,
			0.12359939025920896,
			0.12352897494563556,
			0.12221724599083847,
			0.0419762974018409,
			0.07236939242472293,
			5.653806756916383e-05,
			0.00048740227593948264,
			0.1233880690451737,
			0.08271777163125608,
			0.02308775518898212,
			0.0407463679016679,
			8.862433186073304e-09
		],
		[
			0.15193739931393255,
			0.0005986523036096528,
			0.15162661117359943,
			0.15083314972221107,
			0.0003242479699724632,
			0.1521354407274955,
			0.13823813030939766,
			3.2708256042631723e-05,
			1.8800863368645395e-05,
			0.08332509507264295,
			0.06889538716533881,
			0.08497447284014154,
			0.00045037484463968656,
			0.016609529437607642
		],
		[
			0.1406746984307633,
			0.14046813062680782,
			0.1406254557108409,
			0.022103317844294916,
			0.0032436555103100614,
			0.14053049745981092,
			0.14066149733832595,
			0.0021504233978043826,
			0.003397211916385397,
			0.14053646218701493,
			0.008063183707348667,
			0.065567180659672,
			0.005650568907819026,
			0.04632771630280175
		],
		[
			0.11576263887614169,
			0.11574016482152413,
			0.11570436493755912,
			0.11573363735141133,
			0.11558069503522285,
			0.10206551791043073,
			0.11380653181804933,
			0.02156092059396509,
			0.001758219005511222,
			0.11568920134447472,
			0.0009587698264025264,
			0.04494903051018761,
			0.02058353895681364,
			0.00010676901230613024
		],
		[
			0.1394647733787409,
			0.08187812658330217,
			0.13828961777183343,
			0.1396949446341258,
			4.988392500007955e-05,
			0.13969702680690402,
			0.08140331663782649,
			1.9214173794441538e-05,
			0.00013249696377620418,
			0.13969535059575605,
			5.538362120064999e-07,
			4.6375639059542285e-06,
			1.8880768251277826e-05,
			0.13965117636057106
		],
		[
			0.10684279924968779,
			0.10735940401588566,
			0.10734986205544583,
			0.10735889811054485,
			0.10734172353561058,
			0.10731487943729681,
			0.051441981352500644,
			3.8815490539205156e-05,
			7.58231369208495e-06,
			0.1054149335783894,
			0.10522515039653427,
			0.06333627872442223,
			1.7876167574797195e-05,
			0.030949815571876087
		],
		[
			0.17295100910304928,
			0.1799824694233132,
			0.17995005288925556,
			4.0215495941980524e-05,
			0.1130448747065989,
			0.0366478918383073,
			0.08398115562313115,
			0.00011271361528350651,
			0.0002706236724840851,
			0.09021419055001705,
			0.00012037034738527567,
			0.025013759231348277,
			0.0005241929759854791,
			0.11714648052789887
		],
		[
			0.02553583971811187,
			0.14165493503194507,
			0.135415589151475,
			0.13537493953664717,
			0.019984005927087788,
			0.024745433056213108,
			0.11295771107562032,
			1.4329431189028762e-05,
			0.00013094825785180502,
			0.14237214763139658,
			2.0971517815976816e-06,
			0.1309719169229945,
			0.036019004327377105,
			0.09482110278030899
		],
		[
			0.06040145111752597,
			0.14926070246654094,
			0.14902674376140965,
			0.00480517275357327,
			0.14925551653524555,
			0.005036135042560877,
			0.14019386604127074,
			0.005339328740887916,
			0.014587040830799567,
			0.14016939547606186,
			0.004377312493349749,
			0.09780475315626705,
			0.007464212280787139,
			0.07227836930371973
		],
		[
			0.14834172986656916,
			0.14983949691201423,
			0.07425308024416682,
			0.14977068016547632,
			0.05035318978284019,
			8.554695298621071e-05,
			0.13209220897191484,
			7.189226847561503e-05,
			0.00011228849625679466,
			0.14979353047308727,
			3.847048656542099e-06,
			1.3222092708356818e-05,
			0.1452692866838497,
			4.099790779500482e-11
		],
		[
			0.13981081963776645,
			0.003861501933430828,
			0.13803161759989557,
			0.1398398306907079,
			0.0009817781370047073,
			0.13982722698305272,
			0.08517658336630159,
			4.123092271311903e-05,
			0.0017929306807054493,
			0.1398305578682327,
			0.00047366152567545955,
			0.10222322228998118,
			0.002260631081914011,
			0.10584840728261846
		],
		[
			0.21195090863766894,
			0.21005899973907668,
			0.04491626744265165,
			0.21219182414881896,
			0.00014599791613495352,
			0.0013688203769122412,
			0.07154202731884882,
			5.482378705674467e-06,
			0.035470258825785014,
			4.9932740650768664e-05,
			4.6036393307522196e-05,
			0.21221602908299952,
			3.7295522561543775e-05,
			1.1947587766987382e-07
		],
		[
			0.16141652423040914,
			0.1626128061779852,
			0.16260409349722174,
			0.16242033283768878,
			0.03164155616368258,
			0.00020248842359544078,
			0.004768131005001019,
			1.786391975651473e-05,
			0.00013187623701547345,
			0.1625736561133581,
			0.00016602514791097103,
			3.6874083873404945e-05,
			0.018161545284036996,
			0.13324622687846477
		],
		[
			0.11289498482442974,
			0.1545981423145605,
			0.14055892060733471,
			0.15444348919903067,
			0.060085624134611715,
			0.07398735832613897,
			0.06855093318612135,
			0.0004626128252947979,
			0.0687822821137975,
			0.1251358967220608,
			0.0036764705687083927,
			0.012842917046854078,
			0.00649347693493295,
			0.017486891196124038
		],
		[
			0.13487197950148555,
			0.13741625215863645,
			0.13735019427729467,
			0.03568908199786397,
			0.013368447323572813,
			0.13694432138385218,
			0.13501936866007058,
			9.617120538569926e-06,
			0.00042240206377863304,
			0.1373383482514456,
			0.02663519720598176,
			0.03561533733031911,
			0.00024058455256874766,
			0.06907886817259143
		],
		[
			0.005127782810702503,
			0.16693596259197657,
			0.16260555794640214,
			0.16140344800081283,
			0.16728377882596993,
			0.166083360401176,
			0.04758154232043801,
			8.287660419414655e-07,
			0.03839398824141306,
			0.008422202457513064,
			0.004389824590424882,
			0.030467347001645377,
			0.03925133398337248,
			0.0020530420621113206
		],
		[
			0.10473639844824405,
			0.10537390438742453,
			0.10543820670789816,
			0.10543496169289186,
			0.10540054447862543,
			0.10543824417156945,
			0.05847107848283182,
			4.816037814849472e-05,
			2.7260464420822078e-05,
			0.10526576649037431,
			0.10542335834861234,
			0.0686497437693978,
			5.2931351563880714e-05,
			0.030239440827996848
		],
		[
			0.13535827996534133,
			0.05296650596235913,
			0.1363308536661805,
			0.10291690398308642,
			8.501047859581768e-05,
			0.13631840103123144,
			0.005225592306834591,
			0.00029557834876938935,
			0.00046654731632902986,
			0.13614156176774722,
			0.13634741093635885,
			0.04461460762732976,
			0.00018654485974964823,
			0.11274620175008694
		],
		[
			0.000167870742025009,
			0.1840443353196579,
			0.18280454732159315,
			0.016400723824454715,
			0.18404417358695427,
			0.18398834739110448,
			0.05157935593663432,
			1.5684828799018806e-05,
			0.00022741980825857116,
			0.18404367227690463,
			0.0027435274470870605,
			0.0011778264969658626,
			2.5520252744783804e-06,
			0.008759962994286606
		],
		[
			0.007073604993805298,
			0.15341342280340994,
			0.20130420324450007,
			0.11876495313774431,
			0.003302943371774378,
			0.2013918354872193,
			0.004599165114543127,
			6.083856393700617e-05,
			1.4278767592367756e-05,
			0.20134303652674695,
			0.10218898275049129,
			0.006337745493954817,
			0.00019460732817088642,
			1.0382416110293364e-05
		],
		[
			0.16419571823188447,
			0.046959814860334445,
			0.15972334777906522,
			0.1644186712608297,
			0.050555475550091454,
			0.0009876357920386354,
			0.13338233196695218,
			0.00013214707268084517,
			0.0994902967918845,
			0.16464508453615537,
			2.898189742806955e-05,
			0.010244732491450824,
			0.0009310793310818868,
			0.0043046824381224175
		],
		[
			0.15361828611733125,
			0.1536476531316111,
			0.15356038059385496,
			0.060432057732372854,
			4.213553768989163e-05,
			0.15365331824487208,
			0.017012037196055645,
			7.815804001954027e-06,
			3.010694663803254e-05,
			0.0008069054128037251,
			0.1536267503522084,
			1.337036936739117e-05,
			2.7409076318056454e-06,
			0.15354644165356093
		],
		[
			0.1563343512488757,
			0.16019733709910164,
			0.12276986307518854,
			0.16005422437530242,
			0.002071103434247226,
			0.03936634355422309,
			0.15990219935925457,
			0.001293957296277196,
			0.002147381512359973,
			0.0886174442628901,
			0.006732695072732049,
			0.01343504890303818,
			0.002618219757236501,
			0.08445983104927272
		],
		[
			0.04527050909752797,
			0.07628630850930358,
			0.14351806335788947,
			0.14357252882074006,
			0.14203802640049218,
			0.14358523888431585,
			0.02412700521681278,
			0.04217927507279821,
			0.002212404287409798,
			0.14187409009017077,
			0.005011835572436718,
			0.0674644225209932,
			0.007539058492845166,
			0.015321233676264074
		],
		[
			0.001027781415313657,
			0.21348470589078022,
			2.5620472342238624e-05,
			0.2134013303892055,
			0.04838174039635413,
			0.1346755634287653,
			0.03854496808091031,
			0.0003021288876806502,
			0.0003257818443030008,
			0.14118859180672524,
			3.186376441721755e-05,
			0.19772188279950775,
			0.009932636360358946,
			0.0009554044633358557
		],
		[
			0.10217805522448271,
			0.10218587607076329,
			0.10216326010138264,
			0.10179173854469836,
			0.10218107104000344,
			0.09965793369734018,
			0.08163467752957544,
			0.0010257488817415053,
			7.556387116254226e-05,
			0.10158874783512371,
			0.07167286530466509,
			0.10219992735187314,
			4.030822499857258e-06,
			0.03164050372468799
		],
		[
			0.014505727183585528,
			0.13739266608801887,
			0.1367235905408591,
			0.0917386239133143,
			0.0708557777934398,
			0.025894638760350606,
			0.048396700587806964,
			0.02060300576249093,
			0.014630747181881001,
			0.1386651110492307,
			0.05590562594012588,
			0.07081115310682391,
			0.07634570546028686,
			0.09753092663178557
		],
		[
			0.005857327965295381,
			0.1493863672091949,
			0.17722910997299793,
			0.1773998445430841,
			0.00011933028322253598,
			0.00029019267279510835,
			0.09420466524995533,
			7.233391733065364e-05,
			0.00038761489726843755,
			0.1773892343059777,
			0.0405398695579591,
			0.000514207723823774,
			0.0014894450263463115,
			0.1751204566747485
		],
		[
			0.12650497823236528,
			0.13008934375706652,
			0.12531604726173845,
			0.1329915271528875,
			0.07755284568181667,
			0.005808695762445786,
			0.12201537522933086,
			0.001145433882389127,
			0.000823543179994052,
			0.13325679426667167,
			0.06424330564013432,
			0.06042527192485097,
			0.010832393119179058,
			0.008994444909129724
		],
		[
			0.030947225796631613,
			0.04383567436157402,
			0.14799968047684803,
			0.1479689405921675,
			0.0038197108846967447,
			0.14783120586089118,
			0.08839992945364882,
			0.007611233485148341,
			0.03510332066939406,
			0.14781940508918331,
			0.011463132594466855,
			0.1206756235746712,
			0.059471423681672964,
			0.007053493479005187
		],
		[
			0.13478330724034107,
			0.1287836255143856,
			0.13447985964501086,
			0.1330976181460112,
			0.030641475732555226,
			0.03821357257880116,
			0.023871339271204724,
			0.00822393661487175,
			0.0018111464940587388,
			0.13433620526733475,
			0.034690200168505,
			0.1208822452428622,
			0.03492934012772258,
			0.041256127956335036
		],
		[
			0.16590601406330713,
			0.16626297386543618,
			0.014171650664089696,
			0.03925697044579879,
			0.13641851989555367,
			0.1615192139071812,
			0.04905725972431083,
			0.0001522815888882792,
			0.0022587210773211,
			0.16348519445378898,
			0.007448687853445319,
			0.08873411025281953,
			0.005002187445871472,
			0.00032621476218790065
		],
		[
			0.06748163843906965,
			0.10545744372083418,
			0.09872483540470135,
			0.09812548485112538,
			0.10645907979449946,
			0.10586076514595721,
			0.09645447975483173,
			0.026677534704963778,
			0.012151140233731369,
			0.10537508495349387,
			0.007929652785553309,
			0.09859927094312468,
			0.023927249503594147,
			0.046776339764519934
		],
		[
			0.0001833916812119107,
			0.1597548881278238,
			0.15887846998136995,
			6.0297155598903765e-09,
			0.15975466018907042,
			0.1481290367326628,
			0.11797881245205744,
			0.0001557483191556322,
			1.5278123109501755e-05,
			0.15689356360435164,
			6.506686032507129e-07,
			0.016986417575088186,
			3.569923244882723e-05,
			0.08123337728333113
		],
		[
			0.12631575961574004,
			0.12639083491510764,
			0.1251619333626531,
			0.12636286879628655,
			0.036224919997662926,
			0.1084851189140233,
			0.0785251495636553,
			0.0006993081988750274,
			0.007592236454810274,
			0.024739904226988994,
			0.001785133742593116,
			0.12388744718653019,
			0.01812010018392711,
			0.09570928484114649
		],
		[
			0.07095067158403717,
			0.14186465832144152,
			0.14106669550370965,
			8.443946336260257e-08,
			0.14186707203065713,
			0.1413302215415146,
			0.14185043371927789,
			0.03882973080597735,
			8.713116796933821e-10,
			0.14185083212915447,
			0.03961450232461627,
			0.00019594999572697372,
			0.0005768234163507738,
			2.3233167611439537e-06
		],
		[
			0.007294625874869819,
			0.03451093643787534,
			0.1397616752546031,
			0.13978568705374808,
			4.537564291855701e-05,
			0.13773051013062,
			0.1397706044795498,
			1.5167303959012994e-05,
			0.00013825719868826655,
			0.13978322104656624,
			0.10839334473227814,
			0.13065005303174332,
			0.02026879271575669,
			0.0018517490968237784
		],
		[
			0.19870493891302554,
			0.0742687712493741,
			0.19879774028616026,
			0.009286230682668274,
			0.0002839180574189891,
			0.1986799726460423,
			0.07485488133882112,
			0.00019990360403425436,
			4.950285281888419e-05,
			0.03655194127202556,
			0.07886294538873193,
			0.0004338524360134104,
			0.001985333822296514,
			0.12704006745056884
		],
		[
			0.14652081745412915,
			0.00013871701609642924,
			0.1284358183838326,
			0.1690243227650156,
			2.407335899534214e-05,
			0.16661411167836096,
			0.01488526993421971,
			0.00014289807975563013,
			0.0004326274090711719,
			0.16881645990249064,
			0.03543248410500027,
			0.06449691590340552,
			0.00047380674520503246,
			0.10456167726442202
		],
		[
			0.13765746704882387,
			0.1376784322593261,
			0.1376643626685933,
			0.03736385538655785,
			2.6121028141292447e-05,
			0.13772113304474123,
			0.13768398154848885,
			1.0113444141017365e-09,
			8.148927115460013e-09,
			0.13635934545563885,
			0.00011746178834460263,
			4.006316672947607e-08,
			2.388862436723157e-06,
			0.13772540168546923
		],
		[
			0.11186407037660265,
			0.11185925368337611,
			0.11180798842571486,
			0.10921658988853752,
			0.10384461183435052,
			0.1118619591424954,
			0.09381779366031963,
			0.0451713855054743,
			0.0003067862312313516,
			0.041932929268493575,
			4.884402809937699e-05,
			0.10189761659031309,
			0.009091828647629573,
			0.04727834271736207
		],
		[
			0.1436727607044442,
			0.143867110888741,
			0.1437929700710462,
			0.14384573526422864,
			0.0005696127676838279,
			0.03368229043250561,
			0.08971614373068725,
			0.010774796463672513,
			0.06164717372848223,
			0.013998459684065255,
			0.00017192549904165277,
			0.14343709790469852,
			0.0707947779326878,
			2.9144928015331682e-05
		],
		[
			0.1250405944251392,
			0.1250376204041445,
			0.0009333940209911451,
			0.12503995110757662,
			0.1250366442868092,
			0.1250299499559303,
			0.12274577976293176,
			1.4893163553778875e-08,
			0.02508884472161628,
			0.12503989422696807,
			0.0015040396547383568,
			0.09941151487576107,
			4.030810548123364e-05,
			5.1449558748655696e-05
		],
		[
			0.164310857665892,
			0.15745033573403053,
			0.14743522628898625,
			0.1623128731337022,
			0.01908392312004757,
			0.03397532389352496,
			0.023031646866786742,
			0.015732397082816003,
			0.02143724662784214,
			0.03271297100639246,
			0.028989513227002092,
			0.1298069043386911,
			0.0439382539290167,
			0.01978252708526963
		],
		[
			0.0006251517191833055,
			0.17170419668016415,
			0.1717038296323519,
			0.14555179550548858,
			2.652337462688837e-05,
			0.17167811885804937,
			0.04131193402780325,
			7.426603709518005e-08,
			9.161038903669052e-08,
			0.08400786559445278,
			1.6652533987436396e-06,
			0.041684563923464625,
			3.946915910074497e-09,
			0.17170418560767442
		],
		[
			0.054054429832851365,
			0.23034693742667006,
			0.2303457166163282,
			0.0003942668343162416,
			9.753272549388558e-05,
			0.12832799857538835,
			0.0016615824419074672,
			0.00016235050084612875,
			2.162017788290965e-05,
			0.00019383511452261562,
			0.00021043749576367477,
			0.00010128117013118984,
			0.12378491292521802,
			0.23029709816267993
		],
		[
			0.1274674759625906,
			0.12761291753643403,
			0.12771057324949914,
			0.12770644258811645,
			4.0576633170111217e-05,
			0.09462770146946341,
			0.029068275715078112,
			0.12770895993565956,
			1.717215481916083e-05,
			4.620948322815441e-06,
			1.38918432742973e-05,
			7.781853432036663e-06,
			0.12766501387635362,
			0.11034859623378684
		],
		[
			0.12308979143941148,
			0.12323682398699062,
			0.12642163619777305,
			0.126528426195338,
			0.12112097770526284,
			0.12645188084285916,
			0.12652617307277528,
			0.0003714885620058403,
			0.0005766661346031118,
			0.020723503290134854,
			0.007925968685531078,
			0.0345535429395061,
			0.00014381794170677278,
			0.0623293030061019
		],
		[
			0.0854331965939172,
			0.0011731762203103734,
			0.17143561371532598,
			0.17160138197208863,
			0.00010402200016212749,
			0.17186678631059743,
			0.17192984978749498,
			6.572516560417623e-05,
			0.0001540834662262856,
			0.0005008940093131671,
			0.0003680191197786165,
			0.1717224524385115,
			0.00017158957356571268,
			0.053473209627103634
		],
		[
			0.16142965119583166,
			0.1695215631756395,
			8.236370786713697e-05,
			0.16952083149351574,
			0.00022651281264210435,
			0.008846561907783514,
			0.14468219234684587,
			1.559539231588836e-05,
			2.858684863072199e-05,
			0.1678793942138872,
			0.0026169393982533443,
			0.16011650112527703,
			2.859562276566907e-05,
			0.015004710758744584
		],
		[
			0.11922083169597218,
			0.14501993483874004,
			0.03244635760076408,
			0.14542755977613653,
			0.0001364459705568787,
			0.14468347450515903,
			0.09134855047646878,
			0.0004688568517366215,
			7.656107967156011e-05,
			0.13870683325227817,
			0.014354832783224946,
			0.09149798470521682,
			0.00038068575332908316,
			0.07623109071074527
		],
		[
			0.12623056652979156,
			0.12878300808518514,
			0.12881384436967055,
			0.12842198680867833,
			0.00010806186426099383,
			0.12884100521326625,
			0.0383629539765737,
			1.5894964404631318e-07,
			4.580246637158381e-06,
			0.12858078552223437,
			0.11158336368131025,
			0.0773372958016183,
			3.838807621900908e-05,
			0.0028940008749103172
		],
		[
			0.13116701550567506,
			0.1314069291328919,
			0.13131440044767895,
			0.13140987879957033,
			4.862265119341874e-05,
			0.13140995226201646,
			0.07642125369354019,
			3.565175642224551e-05,
			1.2630569280480088e-07,
			0.10142954025459956,
			8.656189425408966e-06,
			0.03427152062754814,
			1.0791479543342789e-06,
			0.13107537322579121
		],
		[
			0.2064103929251605,
			0.20639188447746715,
			0.20575970521213346,
			5.873599988235839e-06,
			0.0020554416598348646,
			0.008727987525660693,
			0.12824121219788048,
			0.0001245059730017113,
			0.00043467353765129117,
			0.10374829848456693,
			0.008506839804025163,
			0.06039161161013453,
			0.0008846966334503852,
			0.06831687635904468
		],
		[
			0.1415646466942721,
			0.1415675374969794,
			0.14155238448923924,
			0.10571985157219879,
			0.0004650842148680368,
			0.141516706179162,
			0.007091206610046868,
			1.8537380469661604e-05,
			3.984069639020582e-06,
			0.14141228211920145,
			1.7325422360013087e-08,
			0.08805329147531632,
			0.0002684189658244991,
			0.09076605140736035
		],
		[
			0.0001537400348520536,
			0.14821408193559193,
			0.14812915091384024,
			0.1482580509469515,
			0.14714637024623956,
			0.1478546586856962,
			0.002160244676557152,
			0.0016150575880584024,
			0.001541637821867676,
			0.14752284091213044,
			0.00027725158381985694,
			0.04385414063152313,
			0.027000789701045528,
			0.036271984321826316
		],
		[
			0.17266803900599786,
			0.17214798767668824,
			0.00011117041785099959,
			0.172667288306194,
			2.4540767332795104e-06,
			0.17264165578581908,
			0.0030283753035962127,
			0.00010790129382546326,
			0.00014511938038181473,
			0.17226030184779278,
			0.10002551935047917,
			0.017095825425096477,
			0.0003916884392548446,
			0.016706673690289636
		],
		[
			0.1272754374845727,
			0.13618012107666524,
			0.13552542931739858,
			0.13646536668900053,
			0.0019009873106333518,
			0.13650735383305268,
			0.020549309910586153,
			0.0007260512140817492,
			0.0024901410868614204,
			0.13493560383668066,
			0.017749003691015456,
			0.08531648059244107,
			0.009292526713550756,
			0.05508618724345986
		],
		[
			0.14020659352825127,
			0.14094623207421067,
			0.14063669407164509,
			0.06482334135315314,
			0.004775584594438282,
			0.14081608311710303,
			0.1409152265819432,
			0.04152895573208751,
			1.053649314283978e-05,
			0.1409079594321337,
			0.0011843963674220657,
			0.04298442444854273,
			1.546473325845617e-05,
			0.0002485074726680718
		],
		[
			0.15314622718285714,
			0.13263834524572882,
			0.1854863261135166,
			0.18607107950436833,
			0.004471688778284632,
			0.005054062663358318,
			0.06382494801788847,
			0.00016174563151447592,
			0.044039581738254896,
			0.18617543644626128,
			0.0003033320951722034,
			0.03845767928029553,
			0.00013602918587899958,
			3.351811662042107e-05
		],
		[
			0.1971053060565401,
			0.0009782740115408545,
			0.024096557164758118,
			0.19819556087772897,
			0.00021844538676617855,
			0.1949694473632375,
			0.19371530307711682,
			8.694998633318307e-05,
			4.494415677708041e-05,
			0.01897972849342629,
			0.10682397990038098,
			0.06330825374087035,
			0.00045083288367176724,
			0.0010264169008517858
		],
		[
			0.10567834812456277,
			0.10762627754588013,
			0.10858086986246797,
			0.10469990137629505,
			0.10948805731190939,
			0.10560958197768425,
			0.041293210134882914,
			0.030201191528031465,
			0.002109861973852454,
			0.10838287078875404,
			0.027610989712498615,
			0.08485401686644596,
			0.043706374260961654,
			0.020158448535773338
		],
		[
			0.15054584618277125,
			0.15070318221607715,
			0.1469405767324281,
			0.15070226859710126,
			0.0001489721216819256,
			0.15021452470059715,
			0.0005674314126461114,
			4.28850635036985e-06,
			0.00025497262674474487,
			0.00019706525081883498,
			0.15051869354471667,
			0.0004227266978155494,
			0.00023548336377195126,
			0.09854396804647894
		],
		[
			0.12465689862437883,
			0.12460835560496346,
			0.12478112320797533,
			0.12475269291493335,
			0.093316537817617,
			0.0017120794364370354,
			0.12477895400695242,
			3.759971811039686e-06,
			1.6122299092948382e-06,
			0.1245196250466521,
			8.830252812683118e-05,
			0.04686133395977993,
			7.315828639683136e-05,
			0.10984556636406659
		],
		[
			0.09715463192876887,
			0.10185876945345357,
			0.10284063039798115,
			0.10283946972322996,
			0.08267484462834493,
			0.10262279097330368,
			0.10213142357016684,
			0.003635779167139452,
			3.7710954080064824e-06,
			0.10278338181596103,
			0.002019158794274401,
			0.10254394157213326,
			0.08279282485775848,
			0.014098582022076186
		],
		[
			0.12314381870022595,
			0.00014363325989008425,
			0.12562165434672443,
			0.1256368704947755,
			0.1195853303305739,
			0.1256403608002422,
			0.1078976228084905,
			1.09642151200565e-07,
			0.029394531319811144,
			0.09137484997315533,
			1.6233909946171654e-05,
			0.12483490256821694,
			0.026339263380016662,
			0.0003708184657798279
		],
		[
			0.1407643552181148,
			0.14064733420594044,
			0.14080222597392697,
			0.02264194534998741,
			0.00022038684037896405,
			0.14069219113426049,
			0.10314775081195651,
			0.00012239989436774892,
			0.0002721294022729547,
			0.12960775854570813,
			0.04147157847176323,
			0.007931705939975994,
			0.0014169167072132628,
			0.13026132150413317
		],
		[
			0.12235469483777303,
			0.12481510968715095,
			0.07886711170697891,
			0.07856285870901228,
			0.12478281993228138,
			0.12448711689510346,
			0.11326988005544877,
			0.0012438870404840566,
			0.0002941189568700967,
			0.12426432534296847,
			9.623783554469556e-07,
			0.0003309458981541239,
			0.00034415558338459233,
			0.10638201297603425
		],
		[
			0.010595577553109425,
			0.1590304338514553,
			0.019691644972381087,
			0.1592523908552672,
			0.15936407901374403,
			0.15410902912460706,
			0.040112784137359685,
			6.55485534817175e-05,
			0.0003145987821879766,
			0.1593237123723488,
			0.08705872702515956,
			0.0285055175071147,
			0.0003109964039917473,
			0.02226495984779168
		],
		[
			0.06890538561129461,
			0.10915737282108949,
			0.10917089212729773,
			0.10917025779216587,
			0.1090591802019741,
			0.10898438359677112,
			0.0850096385640252,
			0.0499141697583663,
			0.00021656910968095538,
			0.08274254980448713,
			0.04369557778736477,
			0.10889712522984563,
			0.011064969478082543,
			0.004011928117554465
		],
		[
			6.317473324544087e-08,
			0.1639349530845443,
			0.173737164204659,
			0.17371812989340915,
			0.11810525502576268,
			0.007266780030818906,
			0.00837739662942212,
			0.00023962671081574722,
			0.08950598672290855,
			0.17210550209024159,
			0.09139461858592847,
			0.0010802988676076246,
			0.0005340436135221069,
			1.8136562657919573e-07
		],
		[
			0.12247163919396513,
			0.12244084765883723,
			0.03586994229304281,
			0.027441777910877138,
			0.12247498973130161,
			0.12208146506593182,
			0.08460159174945663,
			0.00026109037350958937,
			0.007171805072968203,
			0.11762723099143413,
			0.0020739683916840236,
			0.12248318080475301,
			0.03668655646917842,
			0.07631391429306035
		],
		[
			0.014205326016407378,
			0.1298045033812522,
			0.18945630541135447,
			0.18946690739826785,
			0.0018101886501945324,
			0.0023159347388878185,
			0.1885140402489289,
			0.006679085809972731,
			0.00904483955501741,
			0.05203607343376251,
			0.05021174388494381,
			0.11619952267033308,
			0.0037415013802068455,
			0.04651402742047049
		],
		[
			0.10493294979364565,
			0.1040906822207534,
			0.1037768770088688,
			0.10503937596566196,
			0.10363546990594967,
			0.10519241921487442,
			0.10068964349624972,
			0.006696314769446185,
			0.004439596126685959,
			0.10439786284221511,
			0.002734796872336898,
			0.08412457615104481,
			0.009410805637934555,
			0.06083862999433298
		],
		[
			0.1222517112075831,
			0.1229102750474194,
			0.003914962746000484,
			0.12299934009069151,
			0.04227082451638516,
			0.12289248723228924,
			0.12018167882084897,
			4.444968445329115e-05,
			3.0718174608931575e-05,
			0.12299460785874684,
			4.901087738511488e-05,
			0.09639336842711506,
			6.243962864595765e-05,
			0.12300412568782688
		]
	],
	"weights_mean": [
		0.10264918339793427,
		0.1270178080839676,
		0.12104944005761417,
		0.11209391028289777,
		0.06201379196868752,
		0.10358578298675941,
		0.07923878460085608,
		0.0061676799933368135,
		0.009817191721443219,
		0.11207523871852602,
		0.029276630172014276,
		0.06199109786591727,
		0.017130747154887056,
		0.05589271299515839
	],
	"weights_std": [
		0.062052563128052164,
		0.04885687274594737,
		0.05262232088417495,
		0.05829155169109902,
		0.06260174368701549,
		0.06125668206771013,
		0.049735719788933874,
		0.016331426131896403,
		0.0205400624192518,
		0.05441560904722738,
		0.0403918133204122,
		0.05242304312801561,
		0.031237510882645862,
		0.055179801166590825
	]
}
