{
	"training_mean": 0.30454752730262935,
	"training_std": 0.06380921777615196,
	"training_se": 0.0063809217776151965,
	"test_mean": 0.21481202888021067,
	"test_std": 0.13456968006436987,
	"test_se": 0.013456968006436986,
	"metric_names": [
		"width",
		"depth",
		"multi_qubit_gate_depth",
		"total_number_of_operations",
		"number_of_single_qubit_gates",
		"number_of_multi_qubit_gates",
		"number_of_measurement_operations",
		"single_qubit_gate_error",
		"multi_qubit_gate_error",
		"single_qubit_gate_time",
		"multi_qubit_gate_time",
		"readout_error",
		"t1",
		"t2"
	],
	"normalized_weights": [
		[
			0.11828029259367716,
			0.15552905549864227,
			0.12880011695118437,
			0.1507120787896161,
			0.009366343000597098,
			0.03210012176439042,
			0.0366508530564074,
			0.0016501251117830664,
			0.0019964984309390615,
			0.15226925982257367,
			0.02812314235273903,
			0.09937490611731306,
			0.001521993130683301,
			0.08362521337945397
		],
		[
			0.04392795293705155,
			0.13062399305761535,
			0.017691176803009048,
			0.21338730775677572,
			0.0013905601240222776,
			0.19767433275444557,
			0.14340115609739731,
			0.004688531457161907,
			0.007889360221148336,
			0.009681857008555098,
			0.004057387162133665,
			0.21610911354243453,
			0.004088244042350199,
			0.005389027035899546
		],
		[
			0.19297841582974662,
			0.040286476759404055,
			0.00327167287750135,
			0.22160644695816806,
			0.0021777631873259504,
			0.09277265816930845,
			0.1286104195998507,
			0.0012843663330947231,
			0.004646852265905947,
			0.17838729191096164,
			0.000910946999761968,
			0.08903531450050879,
			0.0019397129125296722,
			0.04209166169593196
		],
		[
			0.15978422356506622,
			0.04900538539991195,
			0.1737088948756719,
			0.17429256606392096,
			0.0990593167050688,
			0.029545795895341436,
			0.020080122971183553,
			0.001728713297369677,
			0.0017583059639895537,
			0.14015194445630888,
			0.009523680869499397,
			0.07193322847281476,
			0.0012167003741287324,
			0.06821112108972405
		],
		[
			0.0010947218803120673,
			0.009259084446328487,
			0.11590271050541834,
			0.17096272307631838,
			0.0007781356334545217,
			0.20844205718389233,
			0.20057900778308183,
			0.0009343947198640282,
			0.010135035855451308,
			0.08608434283885699,
			0.0026119142339216246,
			0.1026385259592209,
			0.08599851360725139,
			0.004578832276627696
		],
		[
			0.15813745252172706,
			0.16797722431005774,
			0.1691948007859808,
			0.1678456958577945,
			0.0009308015650476148,
			0.00142420454521927,
			0.02636292398700268,
			0.000376089145776488,
			0.06582003916244049,
			0.019675858803913197,
			0.0942435643996858,
			0.007540968152953572,
			0.006162054453674445,
			0.11430832230872646
		],
		[
			0.27290606331745443,
			0.029607712122306066,
			0.008155291506293677,
			0.2782800852261718,
			0.0033074368853742483,
			0.002083973550614202,
			0.22026126163524612,
			0.0010780225400085284,
			0.0006675745686434479,
			0.03174296819067575,
			0.02330795058239017,
			0.05965432237117462,
			0.009422219485731654,
			0.05952511801791535
		],
		[
			0.23444453256983872,
			0.0033334180365320342,
			0.020960464848167194,
			0.3470295603995937,
			0.0009573518588039272,
			0.09076502158685087,
			0.04079774337258415,
			0.002900619931584248,
			0.0014604738418825254,
			0.02000670959022886,
			0.018563773522444153,
			0.08872045809535653,
			0.0021872735634787255,
			0.12787259878265445
		],
		[
			0.2224613129315279,
			0.06020226515011315,
			0.262077568450948,
			0.0037597535844432696,
			0.0006813236098731209,
			0.0013944528145527367,
			0.029979487370682192,
			0.000255348322107418,
			0.00016314261994210442,
			0.2640146904689492,
			0.032867788548057976,
			0.00014960959674653387,
			0.0012285584283174902,
			0.12076469810373898
		],
		[
			0.0770323885487157,
			0.022186480878881015,
			0.01641148051679462,
			0.289655661683138,
			0.008441391384154175,
			0.09397454198767742,
			0.07829197333536232,
			0.0004559428430641283,
			0.00025387599959476414,
			0.19432998928888312,
			0.10658191627294032,
			0.09587180503134975,
			0.0025942509407081635,
			0.013918301288736543
		],
		[
			0.14873586788170592,
			0.011837313397280615,
			0.0015808160415340593,
			0.20097203415518974,
			0.0032329091732881637,
			0.11751087481193273,
			0.19682928511182382,
			0.0004246072293709824,
			0.0012844043836229802,
			0.18437794854174275,
			0.013047711510931197,
			0.06058162345336614,
			0.00020820053911537644,
			0.05937640376909557
		],
		[
			0.009697558900503948,
			0.07265496390189399,
			0.1435209235816226,
			0.200615561031898,
			0.00041378887187655495,
			0.05805214265815449,
			0.18627770516948014,
			0.0013339020982956415,
			0.06908616957615688,
			0.0030116522019411826,
			0.0026404402595912166,
			0.16102675414739223,
			0.08833651370958967,
			0.003331923891603282
		],
		[
			0.01297763588395739,
			0.17272182228078464,
			0.01051964207432627,
			0.22070500466192616,
			0.0015514243243644713,
			0.2120949178998208,
			0.0283116756982114,
			0.0008188968615143971,
			0.00013878276273056705,
			0.22497951778650627,
			0.044182780749277145,
			0.03077784758233224,
			0.0004014523095226293,
			0.03981859912472555
		],
		[
			0.16234871728898784,
			0.12077330788824146,
			0.000949856884321573,
			0.16706967764370573,
			0.0006538897928258221,
			0.16732996696045643,
			0.16336763333721888,
			0.00030136737967353066,
			0.0046578078134774225,
			0.007200531084829037,
			0.001515354418041644,
			0.08211354473376814,
			0.002804661869179662,
			0.11891368290527292
		],
		[
			0.0009214958991339775,
			0.173501929760275,
			0.013310814011787483,
			0.35697070446364376,
			0.002449434205151002,
			0.13046277565507913,
			0.08290382043116938,
			0.0002986446751806536,
			0.0004091448213939445,
			0.002919939062723531,
			0.002975393760070169,
			0.02765856466193816,
			0.0006407502677989638,
			0.20457658832465464
		],
		[
			0.21261330411405652,
			0.024909571232568418,
			0.05291911714038211,
			0.28611256260719625,
			0.0006501499815298842,
			0.014101917743952691,
			0.1831705795325709,
			0.0034011962322013783,
			0.004919833893817303,
			0.1166263438557573,
			0.0020648429217732657,
			0.03531129670621115,
			0.03253032411243359,
			0.030668959925549213
		],
		[
			0.009450847420298647,
			0.06751280234951704,
			0.009537033384825994,
			0.3153142568653985,
			0.0015422980510406597,
			0.11985582165186366,
			0.009193525951031912,
			0.0026092376855353233,
			0.05243801586669502,
			0.26298825377686896,
			0.00561172377671707,
			0.10176681918654065,
			0.009191038188326528,
			0.03298832584534009
		],
		[
			0.06949101731613168,
			0.014957745932593943,
			0.030192730578334093,
			0.542640025452425,
			0.009647106210819541,
			0.16174850003327584,
			0.008522542512089224,
			0.0012258596905715216,
			0.0012095916877363035,
			0.004447277475614153,
			0.12302359639697556,
			0.025200323075087246,
			0.003587754856513973,
			0.004105928781831877
		],
		[
			0.1718573501902982,
			0.10171773774050187,
			0.02565227485709732,
			0.17070428569948265,
			0.02133035914950522,
			0.16824746891959602,
			0.08609906101178467,
			0.0003144272869999078,
			0.0006321123409216423,
			0.1708011291950851,
			0.07115334052623022,
			0.010284797497212679,
			0.000363316648823042,
			0.0008423389364614703
		],
		[
			0.1523859443745642,
			0.1059443744898337,
			0.009578424083031282,
			0.16504903047802982,
			0.002841679807434126,
			0.15918297991562344,
			0.04555442203914994,
			0.004586740798926547,
			0.0011507152894086993,
			0.16566166989146772,
			0.008560126351649102,
			0.09425087118598897,
			0.05656356053626728,
			0.028689460758625027
		],
		[
			0.18793393399946284,
			0.039000300772005,
			0.003841741038740878,
			0.3109514286142505,
			0.0012704418896428227,
			0.08425055863187099,
			0.015640499918005504,
			0.000596746121894403,
			0.00020165104016220148,
			0.21345157501904674,
			0.0006841995791972628,
			0.00068055525686972,
			0.001348707049976682,
			0.14014766106887444
		],
		[
			0.13679428345501773,
			0.0031303499963414925,
			0.1431757996539857,
			0.1037128490788259,
			0.002658357512413094,
			0.14340233524418677,
			0.14466811048670042,
			0.00046557894821157373,
			0.00037131575320652725,
			0.1443366319483161,
			0.009615087686763907,
			0.08732320517758221,
			0.00028358421667416545,
			0.08006251084177445
		],
		[
			0.01667511110526725,
			0.12290952455245623,
			0.09146632328622582,
			0.2677873318551658,
			0.003605007631958376,
			0.0062366210585088,
			0.2607020051990077,
			0.0006496167554646136,
			0.04047603074086023,
			0.04698775618523055,
			0.005701973261138237,
			0.003467636361732263,
			0.0009264803372335059,
			0.13240858166975059
		],
		[
			0.15378140578951752,
			0.15422671975493926,
			0.03298224708176645,
			0.16064032244306822,
			0.0012381126515665904,
			0.13019875463206168,
			0.002099124422273798,
			0.0016597934691195723,
			0.02462010552603777,
			0.15220297775772762,
			0.002702291074799309,
			0.07035945159968146,
			0.047521048937955744,
			0.06576764485948475
		],
		[
			0.056110738265922395,
			0.06006789704288513,
			0.041471799948580225,
			0.1932857283677772,
			0.02951388415740188,
			0.18443834540632265,
			0.14031578082235185,
			0.004176793285582786,
			0.0013523167129824742,
			0.18609361124604995,
			0.05743673739741399,
			0.02426059515074399,
			0.004779622245038348,
			0.016696149950947137
		],
		[
			0.029847676770006753,
			0.001978953279986404,
			0.16060952312967375,
			0.16443932356880517,
			0.005759528620846565,
			0.21911870493167554,
			0.000689167691959146,
			0.0001429382222769905,
			0.0008102971607404702,
			0.21247199654246543,
			0.028618646009059202,
			0.09696104975790341,
			0.0031991837900253693,
			0.07535301052457585
		],
		[
			0.07677291035177106,
			0.11728037251949064,
			0.06643962855148197,
			0.17620355200928473,
			0.005535853770180076,
			0.11863819559005151,
			0.11192651341228721,
			0.0020835744602694492,
			0.037660889862097834,
			0.1178454960440577,
			0.0021927999064277203,
			0.10202959992551652,
			0.061208526788849214,
			0.004182086808234399
		],
		[
			0.18070595662115768,
			0.003162965218866555,
			0.17838108981074166,
			0.12210734994533595,
			0.0024743406457552446,
			0.16454417419070339,
			0.14629159019649524,
			0.0006417260320940485,
			0.0005936042707540445,
			0.03743415289824194,
			0.004707414635497159,
			0.07047210936256317,
			0.0012821747593183574,
			0.08720135141247559
		],
		[
			0.05449378578525913,
			0.08129295831199745,
			0.07213225400456481,
			0.2572630612399956,
			0.007710756053202803,
			0.017878050964391205,
			0.1435306607018462,
			0.0001143199978037023,
			0.0011966151207620005,
			0.1911304305205783,
			0.0024711778917477557,
			0.08171587867160877,
			0.0017024873359926748,
			0.08736756340024955
		],
		[
			0.10900136279455468,
			0.0003962895877989343,
			0.00984093843070231,
			0.03983218386685602,
			0.0022495816928690057,
			0.19120553721824493,
			0.2412306268034902,
			0.0006782207096449362,
			0.0006193010088429655,
			0.31994170220771184,
			0.053355104251132573,
			0.013853060739533317,
			0.0016996374725376621,
			0.016096453216080612
		],
		[
			0.14810512438888593,
			0.05609681573659918,
			0.029297675793816383,
			0.1639690106909455,
			0.0018737199337588556,
			0.13840781632232668,
			0.16246446616649704,
			0.0003371453192074502,
			0.0003348357818184079,
			0.11653427870972502,
			0.016687150408717613,
			0.0017553585199658443,
			9.293575734015103e-05,
			0.16404366647039614
		],
		[
			0.029058934618902566,
			0.10875951186357384,
			0.11142294941954609,
			0.14495847705212234,
			0.12245356267176542,
			0.15746014458436253,
			0.07399344314395943,
			0.0019121593233413653,
			0.0007680049239516457,
			0.14930532804878904,
			0.08172534141141462,
			0.01614507012391097,
			0.00027877199629737785,
			0.0017583008180627102
		],
		[
			0.005471097022536515,
			0.00021176903749227212,
			0.1749629326925456,
			0.16147264594164606,
			0.0017028211060956457,
			0.16939908173092838,
			0.12303434593369436,
			0.0008193930518640876,
			2.8631355205623708e-05,
			0.14804625778775557,
			0.0025819598895463064,
			0.15076291747273543,
			0.000969957941416239,
			0.06053618903653804
		],
		[
			0.1168072964200502,
			0.003985432196705816,
			0.12379532350904282,
			0.17498483223350017,
			0.0025419362049690386,
			0.21540439327379707,
			0.005586250826013603,
			0.0006202117191861389,
			0.0020629654446347027,
			0.2072218227984466,
			0.015702808427365548,
			0.07004558429227133,
			0.0017335909710596742,
			0.05950755168295727
		],
		[
			0.2180946308410035,
			0.0028985347937583736,
			0.035139544151538187,
			0.36637330512132815,
			0.0022780330886236306,
			0.06150540568923773,
			0.025302246923109183,
			0.0016008211433385063,
			0.0024867445207816226,
			0.03475181612986252,
			0.06434665475131451,
			0.08500525098917747,
			0.003105801499015916,
			0.09711121035791088
		],
		[
			0.1142920493720594,
			0.1495801646799098,
			0.02031531244769157,
			0.15683696801470073,
			0.0071060665101312405,
			0.14496560995682709,
			0.1633139151870638,
			0.0010932657334341706,
			0.01966118792620194,
			0.004836042194700728,
			0.059040180024295626,
			0.11704447183363735,
			0.03012115168806866,
			0.011793614431277735
		],
		[
			0.1757983374810136,
			0.16427690553724067,
			0.13561999591567694,
			0.14529105641486556,
			0.0013672484158759296,
			0.011633364715526368,
			0.0215064488610787,
			0.0008625092713258781,
			0.003878306619500751,
			0.1053812086893426,
			0.0528603522436425,
			0.0031785761239690475,
			0.0001828853670843666,
			0.1781628043438571
		],
		[
			0.014459170218500765,
			0.22089916907456164,
			0.19723381200080425,
			0.1781852118806362,
			0.0003900001460437114,
			0.0016411448229001016,
			0.10249185203691068,
			9.280170052072614e-05,
			0.00026728999979132653,
			0.010741592938378503,
			0.053790611463353316,
			0.0002374138337655613,
			0.0006053708607420308,
			0.21896455902309128
		],
		[
			0.13705182094664695,
			0.0019047287662605098,
			0.10355412362744004,
			0.1485293829548201,
			0.0024456617102295427,
			0.16103887368312117,
			0.16776288980309245,
			0.0007110048051195384,
			0.00054482248381862,
			0.13586355249767665,
			0.013342751340332205,
			0.06873423079675474,
			0.0007615555422668426,
			0.057754601042420715
		],
		[
			0.13829469356966503,
			0.012523569234515124,
			0.17583353862347242,
			0.12898034961551857,
			0.001219322918445545,
			0.1762903188593089,
			0.08336374196810516,
			0.0005208433687375002,
			0.00030457736505973846,
			0.04997464118110908,
			0.010828536891344649,
			0.0792829418356494,
			0.0008532485598902761,
			0.14172967600917868
		],
		[
			0.2183155819498632,
			0.0872856381385263,
			0.2329866007600431,
			0.001470744529209605,
			0.001024976752041082,
			0.05533282893897653,
			0.0975785881022181,
			4.0541177110324e-05,
			0.00104174022816919,
			0.1393433491114382,
			0.03352427690758647,
			7.843300368365158e-05,
			0.0006948470563879962,
			0.13128185334474626
		],
		[
			0.23027221187403388,
			0.001308710526080569,
			0.09654485167576764,
			0.23251125707460893,
			0.0009814573072720806,
			0.011126943909652121,
			0.1956920378144198,
			0.0005582947533306622,
			0.061576396794744866,
			0.06679016049036444,
			0.00507417900212253,
			0.08363070957811383,
			0.004080727530050735,
			0.009852061669438026
		],
		[
			0.06700671799044332,
			0.16479879296096372,
			0.029507215049308953,
			0.1644316101244309,
			0.0012617866649094712,
			0.14011599543393383,
			0.1689921657051546,
			0.007105527008749611,
			0.01769696723861675,
			0.014671166083337078,
			0.037449310848559944,
			0.12329385077301276,
			0.021960243506568937,
			0.041708650612010165
		],
		[
			0.16810327617233206,
			0.17571969482991523,
			0.1752511040873862,
			0.18255117624043557,
			0.003773191166404698,
			0.011474517925843763,
			0.03103249890483806,
			0.00037889931243311023,
			0.0016881117631260567,
			0.0018888931565730865,
			0.05131558058109957,
			0.0006327176790436951,
			0.00032452432591303216,
			0.19586581385465593
		],
		[
			0.20923616331225947,
			0.0006808529393006784,
			0.24601875656749295,
			0.13057413883404076,
			0.00022044375203421102,
			0.07893205402538297,
			0.06001445830332069,
			0.00039522085476821964,
			0.0009748380502879467,
			0.027120357772904027,
			0.00037197834715231695,
			0.24479512581067245,
			0.0004483655549357687,
			0.0002172458754475064
		],
		[
			0.2185866222687807,
			0.0017119212337249885,
			0.0010003064926354648,
			0.248442401357849,
			0.0019295801586080336,
			0.12713472341163257,
			0.21658538709563882,
			0.004001762742466665,
			0.030034421768320677,
			0.008746556865801959,
			0.013261680727240741,
			0.08780133132565633,
			0.009373446861415637,
			0.031389857690228416
		],
		[
			0.0012068720469615545,
			0.0007561454440506446,
			0.09475488003533777,
			0.07483188315567528,
			0.0024570270336942016,
			0.0767060693234702,
			0.33369127474886795,
			0.002955038231886821,
			0.04417444154859542,
			0.0022166636153328674,
			0.0011645444299624372,
			0.009407567059755349,
			0.3311633937087359,
			0.02451419961767356
		],
		[
			0.1367086086199909,
			0.006670682396980126,
			0.14975556562283204,
			0.14969608374281917,
			0.0005650707842245113,
			0.15096329528586383,
			0.06549648209019575,
			0.0001543962209535035,
			0.00033077972833104485,
			0.14329640380895553,
			0.01639166082836951,
			0.09597428327420757,
			0.000575364910239108,
			0.08342132268603736
		],
		[
			0.17659769280552265,
			0.13004217971650106,
			0.039201725669896395,
			0.18224566708918322,
			0.0033586247480480932,
			0.14651355480788897,
			0.005289965374058518,
			0.0005851850838684921,
			0.0017792006277180415,
			0.1064344369361412,
			0.000550153644555048,
			0.04573755962785022,
			0.0004898240206844118,
			0.16117422984808372
		],
		[
			0.22059296718939578,
			0.22028771651854026,
			0.04836271838682726,
			0.1885188765891662,
			0.0005043141993613289,
			0.021162137592620395,
			0.13239356563609983,
			0.0001384480338864235,
			0.00018096103860605007,
			0.011041832869283006,
			0.0008414781109679048,
			0.01641275194237068,
			0.0008749868922270252,
			0.1386872450006478
		],
		[
			0.14981179463781538,
			0.11761093195194895,
			0.11034305492422919,
			0.17462156875192741,
			0.004419663535905042,
			0.06878533609699043,
			0.02060602210151926,
			0.0027741735816472104,
			0.0039450320171929764,
			0.149784208092038,
			0.0027836734407033843,
			0.09142352741549681,
			0.023237371882666218,
			0.0798536415699199
		],
		[
			0.03788054051763088,
			0.006399712049577081,
			0.13564173979068728,
			0.3889598133199731,
			0.001666040641942763,
			0.04962880113637309,
			0.010142131670072435,
			0.0012968272294376813,
			0.12909375424572284,
			0.0019292877775523255,
			0.00019495117662194294,
			0.1714363484950713,
			0.06539094424673587,
			0.00033910770260146437
		],
		[
			0.2543684697553208,
			0.07940618629845224,
			0.38785575057715627,
			0.006649103616676654,
			0.0003645102817806136,
			0.01292394309388671,
			0.020511641472232712,
			0.0002102564094313431,
			0.0008065825184340072,
			0.0004897586580907025,
			0.00015670031562107847,
			0.00018637816226924926,
			0.18675930027889848,
			0.0493114185617492
		],
		[
			0.016313132435770667,
			0.004655522010526427,
			0.0020353933708998624,
			0.3503140535912714,
			0.00010143056760813494,
			0.08307543619545578,
			0.2578424414754646,
			0.004248424940107187,
			0.0835080117622165,
			0.04349891098976386,
			0.0035582496874603745,
			0.11998094035719918,
			0.016770682558450656,
			0.014097370057805474
		],
		[
			0.17235228705777358,
			0.006919214204951872,
			0.17331171004096368,
			0.0636410722457828,
			0.0025208484118507232,
			0.1414304361475122,
			0.11890776578094356,
			0.0017209732066104906,
			0.003678609218417304,
			0.1981620386163594,
			0.0021889030010805647,
			0.06096852435497276,
			0.0037211129102734213,
			0.05047650480250766
		],
		[
			0.03396105669079834,
			0.024431143232592146,
			0.38653284007945704,
			0.04439000772885856,
			0.00014941328243030995,
			0.14636204419106855,
			0.008504745678552576,
			0.00018497337577572567,
			0.0006746137284675617,
			0.0005135544320114206,
			0.000707769625802263,
			0.00011543493204719044,
			0.02178490422007014,
			0.331687498802068
		],
		[
			0.17053422297056492,
			0.15110331869534652,
			0.17932266596044277,
			0.18033987873757515,
			0.0005696203730262992,
			0.0017817861226732572,
			0.04198405703336158,
			0.0002659093247498379,
			0.0010795972619004036,
			0.03338139591487471,
			0.054140317753496765,
			0.00026652063976436493,
			0.0005138030251388424,
			0.1847169061870844
		],
		[
			0.05127862239947549,
			0.12243850969861321,
			0.11347741211444494,
			0.14137511214703272,
			0.11653460449051303,
			0.14861561018205746,
			0.027067842101398825,
			0.0005635104351564638,
			0.0005220408887284443,
			0.17568932698730028,
			0.04611876647842774,
			0.045129807188089746,
			0.003970806932012004,
			0.0072180279567496735
		],
		[
			0.21677312632079984,
			0.12386129686265882,
			0.014990250462990774,
			0.24152283994633936,
			0.0032884861414632285,
			0.10816057799489973,
			0.026378050856895183,
			0.00033665898593996025,
			0.0014363777041229153,
			0.11225382018191604,
			0.044376785477830166,
			0.061662262065415294,
			0.012305548252931425,
			0.032653918745797046
		],
		[
			0.13469385340354453,
			0.07590216935761807,
			0.09086199787501298,
			0.01297377438359225,
			0.002320808138470238,
			0.06538331509388198,
			0.26418389935449627,
			0.001377539328687102,
			0.0004053865610653604,
			0.27818139912364825,
			0.011768040857606304,
			0.004072883014244135,
			0.0003588969917294302,
			0.05751603651640319
		],
		[
			0.0485979282670864,
			0.10037866252736213,
			0.14361969250918413,
			0.14616113069579678,
			0.13424551840703447,
			0.13735729043129127,
			0.018156367738840884,
			0.0036252450986262886,
			0.0020937972705986707,
			0.15057148077495383,
			0.005503820950553207,
			0.057931270850290886,
			0.0074394152198716,
			0.04431837925850946
		],
		[
			0.12514962586594594,
			0.18134351582534705,
			0.09426183488509007,
			0.196184118066688,
			0.09241189172531031,
			0.19598427000806448,
			0.0023092232841043603,
			0.0011780382717064184,
			0.0010271737467399242,
			0.015410046549308774,
			0.08782461490373634,
			0.0026296747203542843,
			0.000765634964865021,
			0.0035203371827389894
		],
		[
			0.1682812018183661,
			0.0007419178738687171,
			0.16745267151562415,
			0.13612255947554464,
			0.0001513445803341464,
			0.14987655774813335,
			0.027195440962912657,
			0.00023099320450370081,
			0.00025275203316014354,
			0.17001031452364782,
			0.013510451194162349,
			0.13037100225804607,
			0.0027085390360505465,
			0.03309425377564554
		],
		[
			0.1625149949937823,
			0.009816140694686936,
			0.10979595444710606,
			0.1509601948156173,
			0.001275476295774972,
			0.15865733282721436,
			0.10963243489022234,
			0.0002319294711193498,
			0.0007474756014171146,
			0.16636880684174646,
			0.0014401880655246656,
			0.06521741354897001,
			0.009095824213264977,
			0.054245833293553224
		],
		[
			0.17886663991750035,
			0.0005657450338324385,
			0.1762562991698273,
			0.13689419959432877,
			0.00013031731704289402,
			0.1230260343287364,
			0.014376425416586614,
			0.0002580052719916685,
			0.0008032635749828587,
			0.19593806017961996,
			0.008299330451857158,
			0.0869610940610664,
			0.024006961865492574,
			0.053617623817134516
		],
		[
			0.05813849953353182,
			0.21487250996253543,
			0.009839834738636635,
			0.23715407453697915,
			0.004118591437518228,
			0.23219190699028497,
			0.05967139185124469,
			0.0009798478349007458,
			0.0022439923685460654,
			0.04706662742027393,
			0.03422045672503693,
			0.02847347827649802,
			0.0007891980457719635,
			0.07023959027824132
		],
		[
			0.1462593101998226,
			0.12646939995794648,
			0.10902387532204616,
			0.2109300724162456,
			0.0006691404841777417,
			0.10557817126572809,
			0.009106402221706094,
			2.3519586149490486e-05,
			0.004112286354958143,
			0.0335228138417588,
			0.001162038632295281,
			0.11382843933756213,
			0.0002581296018015802,
			0.1390564007778019
		],
		[
			0.13250864983911906,
			0.05688013604551508,
			0.04450296990779735,
			0.15511135907754225,
			0.04450427524861712,
			0.15977015450160845,
			0.15899513520123804,
			0.0006749127270949239,
			0.004289430943407683,
			0.1518145716627763,
			0.004327221838499365,
			0.06911428912086248,
			0.001272457285967032,
			0.01623443659995476
		],
		[
			0.155135288058989,
			0.14446460063898264,
			0.015013917960721159,
			0.23857084170754828,
			0.0011235041118687907,
			0.008412158835732202,
			0.1340651269280145,
			0.0020896184693930697,
			0.0038368352488999625,
			0.14720340182983183,
			0.0008200079632189921,
			0.09393228252283632,
			0.013098233151369086,
			0.04223418257259428
		],
		[
			0.18977080791014378,
			0.06449458513921136,
			0.008050907829663518,
			0.20778033402329812,
			0.0067133507737026366,
			0.20864768320600863,
			0.1266083002377608,
			0.0026178769704074552,
			0.001940819077876572,
			0.08890881125491822,
			0.0020967645786954176,
			0.0035276610760826806,
			0.003669116491561511,
			0.08517298143066926
		],
		[
			0.16733697055812155,
			0.08916798546632632,
			0.011930558397721558,
			0.18256586162793795,
			0.01369120010533635,
			0.1846968241445794,
			0.07480152707750655,
			0.0011330867772698407,
			0.0005569012841588755,
			0.19091727500402533,
			0.0023289344227528535,
			0.0242469237327498,
			0.04644374027513055,
			0.010182211126382986
		],
		[
			0.09578706550089794,
			0.019616996355813557,
			0.0820708527186742,
			0.07929441214562508,
			0.0021325439527433375,
			0.19518195496421206,
			0.16311581612980305,
			0.0006739170841834067,
			0.003431281748475181,
			0.19537419391697589,
			0.05509227080153953,
			0.013355804500588047,
			0.0013256336777298036,
			0.09354725650273903
		],
		[
			0.21789118599223714,
			0.0461333118901162,
			0.23177212161051872,
			0.012240850049078341,
			0.0002853127779446847,
			0.21090106700261088,
			0.024561927027037113,
			2.0197983697558434e-05,
			0.00017605586705586961,
			0.0001795652178314104,
			4.726609598657241e-05,
			0.00013555664761268017,
			0.02176266052057153,
			0.2338929213177012
		],
		[
			0.1634897663684228,
			0.10105532524925875,
			0.17399134178733863,
			0.07214540969618478,
			0.00046395469041158395,
			0.15818159807344917,
			0.14018143416384607,
			0.00019871152202713052,
			0.00044544094153697346,
			0.030826119075301493,
			0.12475256305900298,
			0.02580035246162272,
			0.0001979053481480606,
			0.00827007756344881
		],
		[
			0.013196131259403332,
			0.16115779585300002,
			0.1597127888614019,
			0.16517558649937883,
			0.002092239293037395,
			0.007644543039106023,
			0.08494918074720945,
			0.002900244579061405,
			0.005852814069733876,
			0.19588542343063117,
			0.0901831085637272,
			0.0015373557770852996,
			0.0033712812966395643,
			0.10634150673058455
		],
		[
			0.003990258246162382,
			0.0005043466118715144,
			0.22411589458539322,
			0.13362561753289245,
			0.0007807542419940773,
			0.2241011946184029,
			0.05215963671159107,
			0.0001241256175633075,
			0.0006457968230293678,
			0.1403020528048618,
			0.09329209779480546,
			0.07592214792945103,
			0.0004969927416149705,
			0.04993908374036649
		],
		[
			0.2171990597680274,
			0.004004629203618743,
			0.23088901675299922,
			0.11153416554480326,
			0.0005862839655838426,
			0.1418480178668393,
			0.008692135459224428,
			0.00017893524974316443,
			0.036089231438494025,
			0.005528397927975787,
			0.0003513424181095105,
			0.2341015224900864,
			0.003539378957813281,
			0.005457882956681758
		],
		[
			0.13919624147530055,
			0.1181584775130017,
			0.11410930563069581,
			0.12314893813054067,
			0.0018802550593157916,
			0.011765006016501508,
			0.16311605729009027,
			0.0010484509285956277,
			0.00328778115609593,
			0.14772908093627515,
			0.010932620836142385,
			0.0010575196600149668,
			0.0004545444510861898,
			0.1641157209163434
		],
		[
			0.22859412113882993,
			0.0009871272072919505,
			0.0024637707378942714,
			0.2601496540799982,
			0.0007857234227453504,
			0.04227832013463708,
			0.0012028541434211,
			0.00031044603481919644,
			0.0020566190385989296,
			0.2604987561090393,
			0.05378922544439023,
			0.06451146331004169,
			0.001789530059267044,
			0.08058238913902571
		],
		[
			0.20598839305978614,
			0.020532615083577267,
			0.06882821203641759,
			0.26537674545571105,
			0.0032624122379925004,
			0.04239137177594511,
			0.09227895227837003,
			0.001694520758105009,
			0.0014572113305515197,
			0.12665835153105084,
			0.004719801195716324,
			0.08229653692666447,
			0.03453495395831928,
			0.049979922371793134
		],
		[
			0.07652473683260443,
			0.06399301957614745,
			0.002248441918166988,
			0.27594720570408204,
			0.002160873244730818,
			0.10195345017925438,
			0.16651221584365794,
			0.0005959328955226266,
			0.0008811739550867225,
			0.1807954630980337,
			0.0021986153387018505,
			0.05893329900787725,
			0.00399677817723474,
			0.06325879422889913
		],
		[
			0.1125572412609531,
			0.1336255075890728,
			0.1314619146837403,
			0.09227224956678884,
			0.06362200918167196,
			0.02495851879929283,
			0.08707774380322751,
			0.00024126547579993784,
			0.029807866046553173,
			0.12972016787730087,
			0.025269968574335062,
			0.006504976557308241,
			0.029680990745373892,
			0.1331995798385814
		],
		[
			0.11689593121820716,
			0.00514621286982312,
			0.13876978217749414,
			0.1313310084624213,
			8.78515412383624e-05,
			0.14429413060025656,
			0.12100987494233391,
			0.0005181933308196911,
			0.000641360991344696,
			0.14345502392911702,
			0.01992386973678667,
			0.09625972944909582,
			0.000585698750095804,
			0.08108133200096566
		],
		[
			0.1743310497482437,
			0.0007454541732766985,
			0.026917749922537464,
			0.10994692719993242,
			0.001098810137010502,
			0.21944909820430758,
			0.22105533882781436,
			0.000700702121914703,
			0.00036758789023581096,
			0.12410480807617584,
			0.001290219349547007,
			0.0861070400017167,
			0.003139963965218541,
			0.030745250382068625
		],
		[
			0.15048653492036995,
			0.07776936524060034,
			0.20342643380541198,
			0.10493345797314287,
			0.0038110224075110733,
			0.08817008829716913,
			0.01959517521137166,
			0.0008907159696727791,
			0.001318360355397947,
			0.2028215414206387,
			0.0031909816999087814,
			0.07185503111040027,
			0.023433939210952794,
			0.04829735237745152
		],
		[
			0.11367849140488907,
			0.0012754134037041398,
			0.1252022887389516,
			0.11104540358668907,
			0.005424953670365401,
			0.15461476945497526,
			0.1671733712916938,
			0.0026528317723004844,
			0.000799442509923401,
			0.17691443519024153,
			0.031538064669858326,
			0.07203477915142815,
			0.0018432346408123182,
			0.035802520514167435
		],
		[
			0.13482899807843066,
			0.17207022325325574,
			0.10708903304689268,
			0.16433678667949123,
			0.008282857857521564,
			0.06559411783443235,
			0.006732981153175554,
			0.0013852886493938986,
			0.00393401495487982,
			0.1167993843751058,
			0.0736127544217352,
			0.10145482641114376,
			0.003935173352666783,
			0.039943559931874775
		],
		[
			0.1691019042439522,
			0.14257467063973192,
			0.14241721292555376,
			0.16219349083506415,
			0.00046399009947175875,
			0.0014342661658658282,
			0.047201145421873855,
			7.322137322569675e-05,
			0.0001982937489254559,
			0.11930435519924434,
			0.03509305381781447,
			0.0015793795011354943,
			0.0002747878230462798,
			0.17809022820509482
		],
		[
			0.21447868293597996,
			0.015835193685125013,
			0.10441305974689599,
			0.034208012753841215,
			0.0008696337719584126,
			0.204320091500131,
			0.10431114356052507,
			0.0004592433561386283,
			0.0003748381525243385,
			0.21123444036426411,
			0.09335438977350562,
			0.0006105036083423704,
			0.0008860705473166985,
			0.014644696243451648
		],
		[
			0.006556774079143982,
			0.18220745789579743,
			0.1378865187371162,
			0.14966634914756427,
			0.0009144421672437942,
			0.013252096992553867,
			0.15224236520707699,
			0.0005776692324357732,
			0.00028486919815327524,
			0.14338218648430784,
			0.030718790924266586,
			0.00010066414214766743,
			0.0006115514827019248,
			0.18159826430949047
		],
		[
			0.16979526545034807,
			0.08332856879598233,
			0.031171679773623867,
			0.23791011820353986,
			0.002766769737872394,
			0.04822438863376896,
			0.10279801268142938,
			0.001137313237873052,
			0.0014976789997210478,
			0.14569827909347205,
			0.0059549469310934255,
			0.06896383177449243,
			0.013501296690583154,
			0.08725184999620011
		],
		[
			0.14369873194652225,
			0.0038897996691817168,
			0.1489218872137026,
			0.14521739570167566,
			0.00041417761940905617,
			0.13244464736200667,
			0.1397626393558364,
			0.00028376380985986436,
			0.0003331407070008069,
			0.12146929773234565,
			0.024467451664846478,
			0.07643609393329036,
			0.000626942348305743,
			0.0620340309360166
		],
		[
			0.16524662235059992,
			0.11121277294082656,
			0.013366908273542305,
			0.20233316814774294,
			0.0237764091929396,
			0.21289544453075737,
			0.04714129441505545,
			0.0022545409982461,
			0.0018000607522594394,
			0.13873593023250044,
			0.04864826825628134,
			0.024403138725156103,
			0.0034706393834179204,
			0.004714801800674529
		],
		[
			0.16975417438172535,
			0.13849659708367293,
			0.1762106903918532,
			0.17695643141222744,
			0.0012794148701038514,
			0.0024267106309300494,
			0.05490185547620287,
			0.0005294697994859766,
			0.06661425427772755,
			0.06276627795876195,
			0.004042008634500243,
			0.015214279954488744,
			0.0010677328722687375,
			0.1297401022560513
		],
		[
			0.03451233745450061,
			0.15833237464030903,
			0.1314671960569993,
			0.1740072856776582,
			0.01680128042367784,
			0.06448442865831842,
			0.01640849634959786,
			0.0006755222578891979,
			0.003365961088551838,
			0.18184857187969675,
			0.01889566329414917,
			0.10383145006706934,
			0.002309443975867909,
			0.09305998817571454
		],
		[
			0.11625181617602787,
			0.06523770702802509,
			0.1622902972693782,
			0.11621598624454708,
			0.0006553693552642265,
			0.16099633745265512,
			0.14497920704079212,
			8.293097468433648e-05,
			0.0010287091709139298,
			0.029547793894944222,
			0.0004397506687909462,
			0.04369025791914811,
			0.00012103041448519435,
			0.15846280639034355
		],
		[
			0.14058316819606495,
			0.11918821602990555,
			0.0024721887985577986,
			0.19165412808697715,
			0.0017925815830033783,
			0.19130557770605527,
			0.05857513150803343,
			0.0015243200627403095,
			0.0019134836903921633,
			0.09018570599883485,
			0.025378123106370828,
			0.08196102918429739,
			0.003375080898870711,
			0.09009126514989603
		],
		[
			0.10590316439928121,
			0.13279799288195568,
			0.13607632490349958,
			0.15478380333567754,
			0.004286621222658271,
			0.023727991717567672,
			0.15480738403690136,
			0.001618911704079335,
			0.028567202111756874,
			0.08076275758182581,
			0.0012085651238456772,
			0.14916644896282083,
			0.016048094111300173,
			0.010244737906830031
		],
		[
			0.12646086000189027,
			0.07889640235986585,
			0.03608850557350606,
			0.15939611701566492,
			0.0020977728442972765,
			0.1543600913134543,
			0.12436532995640598,
			0.000362423776121765,
			0.0003413873897925104,
			0.14067196182643943,
			0.04105426141001871,
			0.08080003440591799,
			0.0006497544965253682,
			0.05445509763009953
		],
		[
			0.048440915308839955,
			0.006366620449195963,
			0.1648106116251986,
			0.12933517616352655,
			0.004722289963464397,
			0.20193491692611507,
			0.03957267048290131,
			0.00026548701891660967,
			0.0011915807834332493,
			0.19718272747702378,
			0.014468995101434672,
			0.09724624583412483,
			0.0030667601665756964,
			0.09139500269924916
		]
	],
	"weights_mean": [
		0.1272365077636109,
		0.07495451329996156,
		0.10129619450407461,
		0.17614367083640725,
		0.009814428203048202,
		0.1111136398565742,
		0.09595453048133652,
		0.0011676142857359787,
		0.009741933223687852,
		0.11537460828604416,
		0.02555341023835145,
		0.06278427437504108,
		0.014680880079752292,
		0.07418379456637393
	],
	"weights_std": [
		0.07095232534387746,
		0.06513134467547567,
		0.08217784628397384,
		0.08729610127257392,
		0.025416370494390283,
		0.07052988492406374,
		0.07505009816167563,
		0.0012602328325278709,
		0.021201033100950926,
		0.07857143947848372,
		0.03049238543317926,
		0.05256149842316325,
		0.04034273543299654,
		0.06318317021804339
	]
}
