{
	"training_mean": 0.30542505453729946,
	"training_std": 0.04627302619783039,
	"training_se": 0.004627302619783039,
	"test_mean": 0.20776355462719098,
	"test_std": 0.10951185679882543,
	"test_se": 0.010951185679882543,
	"metric_names": [
		"width",
		"depth",
		"multi_qubit_gate_depth",
		"total_number_of_operations",
		"number_of_single_qubit_gates",
		"number_of_multi_qubit_gates",
		"number_of_measurement_operations",
		"single_qubit_gate_error",
		"multi_qubit_gate_error",
		"single_qubit_gate_time",
		"multi_qubit_gate_time",
		"readout_error",
		"t1",
		"t2"
	],
	"normalized_weights": [
		[
			0.020991091880232852,
			0.07623877455208027,
			0.020991091880232852,
			0.22243025869432373,
			0.07623877455208027,
			0.15849442391324894,
			0.020991091880232852,
			0.020991091880232852,
			0.020991091880232852,
			0.22243025869432373,
			0.020991091880232852,
			0.020991091880232852,
			0.020991091880232852,
			0.07623877455208027
		],
		[
			0.2503982747312909,
			0.024867910715763757,
			0.0446743002731256,
			0.28547843302019593,
			0.024867910715763757,
			0.06937309992826768,
			0.0446743002731256,
			0.024867910715763757,
			0.03655809056627835,
			0.024867910715763757,
			0.024867910715763757,
			0.09476812619736955,
			0.024867910715763757,
			0.024867910715763757
		],
		[
			0.19108201252622084,
			0.017551567490177465,
			0.020550565504786865,
			0.2027498945708431,
			0.017551567490177465,
			0.07677249453886827,
			0.2027498945708431,
			0.017551567490177465,
			0.017551567490177465,
			0.10646167131832726,
			0.017551567490177465,
			0.07677249453886827,
			0.017551567490177465,
			0.017551567490177465
		],
		[
			0.14498963361368852,
			0.012697198921690052,
			0.1269567912834501,
			0.1269567912834501,
			0.012697198921690052,
			0.14501011625274626,
			0.14498963361368852,
			0.012697198921690052,
			0.012697198921690052,
			0.14501011625274626,
			0.012697198921690052,
			0.06284056063659178,
			0.012697198921690052,
			0.027063163533497914
		],
		[
			0.03156256782384717,
			0.10425979657497383,
			0.11413549801603347,
			0.1339204059692843,
			0.10656319858940522,
			0.1307110427635002,
			0.1339204059692843,
			0.012473229963922947,
			0.012473229963922947,
			0.14405195116242506,
			0.012473229963922947,
			0.03156256782384717,
			0.019419645451707195,
			0.012473229963922947
		],
		[
			0.016169604306440433,
			0.16885615078730912,
			0.15867499919987438,
			0.16885615078730912,
			0.15593516612033057,
			0.16766044824442747,
			0.016169604306440433,
			0.016169604306440433,
			0.016169604306440433,
			0.016169604306440433,
			0.050660250409226,
			0.016169604306440433,
			0.016169604306440433,
			0.016169604306440433
		],
		[
			0.17936905854487248,
			0.1780262124663171,
			0.14919156776415834,
			0.159389735492282,
			0.022087783395933026,
			0.03507540718810226,
			0.022087783395933026,
			0.02014487913950136,
			0.02014487913950136,
			0.022087783395933026,
			0.022087783395933026,
			0.02014487913950136,
			0.02014487913950136,
			0.13001736840253048
		],
		[
			0.022122070920137883,
			0.16589669995485504,
			0.16955884226699774,
			0.17485776102033251,
			0.015153479716926418,
			0.020735806844004178,
			0.015153479716926418,
			0.015153479716926418,
			0.015153479716926418,
			0.16589669995485504,
			0.015153479716926418,
			0.015153479716926418,
			0.015153479716926418,
			0.17485776102033251
		],
		[
			0.16136848503318493,
			0.013986138186155612,
			0.1607673414145014,
			0.16834548700426194,
			0.013986138186155612,
			0.16834548700426194,
			0.013986138186155612,
			0.013986138186155612,
			0.013986138186155612,
			0.09926431937383583,
			0.013986138186155612,
			0.03367121139118778,
			0.013986138186155612,
			0.11033470147567669
		],
		[
			0.017215307975033147,
			0.18133956530711706,
			0.17527269607787907,
			0.18133956530711706,
			0.02792970140199262,
			0.03477290221788849,
			0.043852372425359325,
			0.017215307975033147,
			0.018194999530487355,
			0.05232449830702069,
			0.03477290221788849,
			0.017215307975033147,
			0.017215307975033147,
			0.18133956530711706
		],
		[
			0.22496431219185842,
			0.021425957140060226,
			0.022351984053532663,
			0.22496431219185842,
			0.1358645972711208,
			0.04954006756691401,
			0.027428292132847136,
			0.021425957140060226,
			0.021425957140060226,
			0.021425957140060226,
			0.021425957140060226,
			0.04954006756691401,
			0.022351984053532663,
			0.1358645972711208
		],
		[
			0.1693563573361619,
			0.1482828357084458,
			0.025513501766707282,
			0.1693563573361619,
			0.023620507179235344,
			0.16914090347887736,
			0.023620507179235344,
			0.01526603414606807,
			0.030492596061263595,
			0.02725792350048463,
			0.020089323770976962,
			0.12109569329591895,
			0.036818135469486125,
			0.020089323770976962
		],
		[
			0.12411739182295183,
			0.029086551846127708,
			0.029086551846127708,
			0.33008948132305427,
			0.029086551846127708,
			0.11831630511985942,
			0.033251188996096144,
			0.029086551846127708,
			0.029086551846127708,
			0.029086551846127708,
			0.033251188996096144,
			0.12411739182295183,
			0.033251188996096144,
			0.029086551846127708
		],
		[
			0.1724854621902206,
			0.14619478278940617,
			0.018838814357364436,
			0.1724854621902206,
			0.016496057537871308,
			0.1724854621902206,
			0.018838814357364436,
			0.016496057537871308,
			0.016496057537871308,
			0.1724854621902206,
			0.016496057537871308,
			0.02720939450775474,
			0.016496057537871308,
			0.016496057537871308
		],
		[
			0.16346621091820587,
			0.13334648462287688,
			0.02181448439337174,
			0.14833706321824786,
			0.01905480226862237,
			0.14833706321824786,
			0.02181448439337174,
			0.01843622757011103,
			0.01905480226862237,
			0.16346621091820587,
			0.02181448439337174,
			0.05498311756648061,
			0.0470197619816418,
			0.01905480226862237
		],
		[
			0.13767568267102684,
			0.028418006021564142,
			0.13767568267102684,
			0.11077320627340898,
			0.01181336503179316,
			0.13306417161388914,
			0.11077320627340898,
			0.01181336503179316,
			0.01181336503179316,
			0.13767568267102684,
			0.01181336503179316,
			0.01181336503179316,
			0.01181336503179316,
			0.13306417161388914
		],
		[
			0.11902023053843043,
			0.10811260203541206,
			0.11315106918430957,
			0.11902023053843043,
			0.10811260203541206,
			0.1155488980367864,
			0.11902023053843043,
			0.009981520068596159,
			0.009981520068596159,
			0.10811260203541206,
			0.011554326742207358,
			0.011554326742207358,
			0.009981520068596159,
			0.03684832136717325
		],
		[
			0.14192202000274734,
			0.02718723876415762,
			0.02718723876415762,
			0.30546118332787947,
			0.02718723876415762,
			0.14192202000274734,
			0.045143265033742844,
			0.02718723876415762,
			0.02718723876415762,
			0.045143265033742844,
			0.02718723876415762,
			0.02718723876415762,
			0.02718723876415762,
			0.102910336485879
		],
		[
			0.17261283365526042,
			0.16325841044436984,
			0.17261283365526042,
			0.17261283365526042,
			0.015227187483053276,
			0.015291656714180457,
			0.024413706976628344,
			0.015227187483053276,
			0.015227187483053276,
			0.024576189556350523,
			0.015227187483053276,
			0.015227187483053276,
			0.015227187483053276,
			0.16325841044436984
		],
		[
			0.1754940981552254,
			0.015433041903543202,
			0.1742589861486712,
			0.1672428574420991,
			0.015433041903543202,
			0.1754940981552254,
			0.015433041903543202,
			0.015433041903543202,
			0.015433041903543202,
			0.03892267589788405,
			0.01796328347016457,
			0.05634829161989628,
			0.015433041903543202,
			0.10167745768957451
		],
		[
			0.1706400515221886,
			0.1706400515221886,
			0.1706400515221886,
			0.17008542799229323,
			0.01518920449578459,
			0.01518920449578459,
			0.01518920449578459,
			0.01518920449578459,
			0.01518920449578459,
			0.027209124343559533,
			0.01518920449578459,
			0.01518920449578459,
			0.01518920449578459,
			0.16927165713130476
		],
		[
			0.02564790949918373,
			0.14941888796671754,
			0.16972770034663306,
			0.16972770034663306,
			0.016994258748371592,
			0.0193495681083089,
			0.17808692366564333,
			0.016994258748371592,
			0.016994258748371592,
			0.02564790949918373,
			0.02564790949918373,
			0.016994258748371592,
			0.0193495681083089,
			0.14941888796671754
		],
		[
			0.14103910909085515,
			0.012187001184926107,
			0.14103910909085515,
			0.12882906864852536,
			0.01249660246166048,
			0.14103910909085515,
			0.13688937495576364,
			0.012187001184926107,
			0.01249660246166048,
			0.14103910909085515,
			0.01249660246166048,
			0.07187204845721855,
			0.01249660246166048,
			0.023892659358577584
		],
		[
			0.14376173165072373,
			0.01386669096111791,
			0.14376173165072373,
			0.09336306683629098,
			0.01386669096111791,
			0.14376173165072373,
			0.1398389741202389,
			0.01386669096111791,
			0.01386669096111791,
			0.14376173165072373,
			0.01386669096111791,
			0.033086641901550015,
			0.01386669096111791,
			0.0754642447723177
		],
		[
			0.017561272975687967,
			0.16571368166272457,
			0.16945672342078882,
			0.16866070735725316,
			0.017561272975687967,
			0.017561272975687967,
			0.16866070735725316,
			0.017561272975687967,
			0.017561272975687967,
			0.017561272975687967,
			0.017561272975687967,
			0.017561272975687967,
			0.017561272975687967,
			0.16945672342078882
		],
		[
			0.18247922329250876,
			0.11791305280958671,
			0.18247922329250876,
			0.01623326110004426,
			0.01623326110004426,
			0.18247922329250876,
			0.02230396522002433,
			0.01623326110004426,
			0.01623326110004426,
			0.01623326110004426,
			0.01623326110004426,
			0.01623326110004426,
			0.01623326110004426,
			0.18247922329250876
		],
		[
			0.17392920483626592,
			0.0190413991786193,
			0.17392920483626592,
			0.097779336020577,
			0.020874270492460486,
			0.15597987019967915,
			0.020874270492460486,
			0.0190413991786193,
			0.0190413991786193,
			0.17392920483626592,
			0.020874270492460486,
			0.059631830994890216,
			0.0190413991786193,
			0.026032940084197303
		],
		[
			0.10108160984167097,
			0.015173372667973646,
			0.17056999107058307,
			0.10108160984167097,
			0.015173372667973646,
			0.17056999107058307,
			0.16473982576111967,
			0.015173372667973646,
			0.015173372667973646,
			0.015173372667973646,
			0.015173372667973646,
			0.015173372667973646,
			0.015173372667973646,
			0.17056999107058307
		],
		[
			0.14665943680723556,
			0.14665943680723556,
			0.14665943680723556,
			0.14665943680723556,
			0.13748091351011887,
			0.1376822121717418,
			0.012766926546355861,
			0.012766926546355861,
			0.012766926546355861,
			0.01935060239473206,
			0.01935060239473206,
			0.012766926546355861,
			0.012766926546355861,
			0.035663289567953664
		],
		[
			0.15014415089542454,
			0.014653148614088911,
			0.15014415089542454,
			0.1367691392092299,
			0.014653148614088911,
			0.15014415089542454,
			0.03911719445487869,
			0.014653148614088911,
			0.014653148614088911,
			0.15014415089542454,
			0.014653148614088911,
			0.12096502245557103,
			0.014653148614088911,
			0.014653148614088911
		],
		[
			0.148534817674525,
			0.1318923130107422,
			0.04040982226889689,
			0.148534817674525,
			0.022147459897741074,
			0.1318923130107422,
			0.022147459897741074,
			0.022147459897741074,
			0.022147459897741074,
			0.148534817674525,
			0.022147459897741074,
			0.09516887940185625,
			0.022147459897741074,
			0.022147459897741074
		],
		[
			0.18269580095838006,
			0.11746975915977202,
			0.05290413240074925,
			0.18269580095838006,
			0.016623684696800686,
			0.04565322010446706,
			0.15410317117391306,
			0.01521421357255393,
			0.01521421357255393,
			0.11746975915977202,
			0.05290413240074925,
			0.016623684696800686,
			0.01521421357255393,
			0.01521421357255393
		],
		[
			0.14173765753187775,
			0.11004567384554695,
			0.02507303567868921,
			0.1535368840163543,
			0.02507303567868921,
			0.1539998332413582,
			0.1535368840163543,
			0.01605575182688217,
			0.02507303567868921,
			0.01605575182688217,
			0.019620711455751203,
			0.11004567384554695,
			0.02507303567868921,
			0.02507303567868921
		],
		[
			0.15504432162210272,
			0.01338384165117684,
			0.1372943667832763,
			0.12403156888106677,
			0.01338384165117684,
			0.15504432162210272,
			0.10582056412010851,
			0.01338384165117684,
			0.01338384165117684,
			0.1372943667832763,
			0.07440851897137282,
			0.030758921309633033,
			0.01338384165117684,
			0.01338384165117684
		],
		[
			0.14781025258274885,
			0.01273218998667281,
			0.14781025258274885,
			0.10683940350605388,
			0.01273218998667281,
			0.14781025258274885,
			0.12215124638256565,
			0.01273218998667281,
			0.01273218998667281,
			0.14781025258274885,
			0.036958007021829706,
			0.036958007021829706,
			0.01273218998667281,
			0.04219137580336178
		],
		[
			0.11884791440277855,
			0.11689868514976455,
			0.09562878233344858,
			0.11884791440277855,
			0.09187920723847119,
			0.11689868514976455,
			0.11871553063485288,
			0.011478969182259675,
			0.011478969182259675,
			0.011478969182259675,
			0.011478969182259675,
			0.04798974962707831,
			0.011478969182259675,
			0.11689868514976455
		],
		[
			0.19710495072864864,
			0.13947782163806624,
			0.017310557346613884,
			0.19710495072864864,
			0.017310557346613884,
			0.1122427923494786,
			0.017820128044376028,
			0.017310557346613884,
			0.017310557346613884,
			0.13947782163806624,
			0.04439937744903803,
			0.019365275294092037,
			0.019365275294092037,
			0.04439937744903803
		],
		[
			0.14641738497816625,
			0.012865405564926847,
			0.14641738497816625,
			0.12613450952135982,
			0.012865405564926847,
			0.14641738497816625,
			0.12613450952135982,
			0.012865405564926847,
			0.012865405564926847,
			0.12613450952135982,
			0.07646884621765804,
			0.020774221229564842,
			0.020774221229564842,
			0.012865405564926847
		],
		[
			0.150666267353887,
			0.1485452620356688,
			0.1407664769067949,
			0.12842762758416748,
			0.025485486141837925,
			0.013476417880529463,
			0.1407664769067949,
			0.013476417880529463,
			0.013476417880529463,
			0.150666267353887,
			0.013476417880529463,
			0.021808560172476742,
			0.025485486141837925,
			0.013476417880529463
		],
		[
			0.016637012853722905,
			0.1616541860182472,
			0.1906789922435457,
			0.18338781811316046,
			0.01925835253869415,
			0.016637012853722905,
			0.1616541860182472,
			0.016637012853722905,
			0.016637012853722905,
			0.016637012853722905,
			0.016637012853722905,
			0.029798572490881185,
			0.016637012853722905,
			0.13710880260116387
		],
		[
			0.15200376300021,
			0.03444358811742908,
			0.15200376300021,
			0.013497505233141843,
			0.013106741484628936,
			0.12049710385371021,
			0.14490630188710538,
			0.013106741484628936,
			0.013106741484628936,
			0.15200376300021,
			0.15200376300021,
			0.013106741484628936,
			0.013106741484628936,
			0.013106741484628936
		],
		[
			0.17099611087358288,
			0.09248205415863742,
			0.17099611087358288,
			0.016360671018477917,
			0.016360671018477917,
			0.17099611087358288,
			0.016360671018477917,
			0.016360671018477917,
			0.016360671018477917,
			0.17099611087358288,
			0.01652675105904807,
			0.016360671018477917,
			0.016360671018477917,
			0.09248205415863742
		],
		[
			0.14292930638076212,
			0.12742272813489924,
			0.04458554873311009,
			0.14292930638076212,
			0.02867665404811789,
			0.12742272813489924,
			0.14292930638076212,
			0.014299692275561418,
			0.014299692275561418,
			0.14292930638076212,
			0.014299692275561418,
			0.02867665404811789,
			0.014299692275561418,
			0.014299692275561418
		],
		[
			0.13426606912106606,
			0.13426606912106606,
			0.15854675087579662,
			0.01519519250117648,
			0.01519519250117648,
			0.15854675087579662,
			0.01519519250117648,
			0.01519519250117648,
			0.01519519250117648,
			0.15854675087579662,
			0.01519519250117648,
			0.01519519250117648,
			0.01519519250117648,
			0.13426606912106606
		],
		[
			0.11663359292893888,
			0.16346131622642293,
			0.1031672755007031,
			0.16346131622642293,
			0.08695806376457074,
			0.14736278177248233,
			0.017414849321861325,
			0.015109218702300734,
			0.015109218702300734,
			0.06299735537354698,
			0.015109218702300734,
			0.015109218702300734,
			0.015109218702300734,
			0.06299735537354698
		],
		[
			0.016647821771749033,
			0.16803834396815498,
			0.016647821771749033,
			0.17128121843686367,
			0.11184647473701576,
			0.1445150685061073,
			0.024035210239120478,
			0.016647821771749033,
			0.016647821771749033,
			0.1445150685061073,
			0.016647821771749033,
			0.024035210239120478,
			0.016647821771749033,
			0.11184647473701576
		],
		[
			0.017696137875956648,
			0.16897697677248436,
			0.017696137875956648,
			0.19376495261411453,
			0.018992246193965615,
			0.19731802728708084,
			0.018992246193965615,
			0.017696137875956648,
			0.017696137875956648,
			0.08206959272142285,
			0.06726608339433722,
			0.08206959272142285,
			0.017696137875956648,
			0.08206959272142285
		],
		[
			0.14335032789281077,
			0.1374354762781665,
			0.017075920110904957,
			0.14335032789281077,
			0.01617164933191646,
			0.14335032789281077,
			0.13790478526881242,
			0.014811571599355812,
			0.014811571599355812,
			0.148908325209671,
			0.014811571599355812,
			0.0370349243927566,
			0.014811571599355812,
			0.01617164933191646
		],
		[
			0.17838861510371334,
			0.167327120865574,
			0.01851938790344126,
			0.1756178153429597,
			0.01851938790344126,
			0.17838861510371334,
			0.01851938790344126,
			0.01851938790344126,
			0.01851938790344126,
			0.01851938790344126,
			0.01851938790344126,
			0.03870571938971277,
			0.01851938790344126,
			0.1134170109667965
		],
		[
			0.1323022360652631,
			0.10352410885594375,
			0.12702861882223512,
			0.1323022360652631,
			0.12702861882223512,
			0.13681296869240664,
			0.015853665133258296,
			0.01175435691886596,
			0.01175435691886596,
			0.13681296869240664,
			0.01175435691886596,
			0.02546348604226605,
			0.01175435691886596,
			0.015853665133258296
		],
		[
			0.14197814266459235,
			0.11350298552017492,
			0.022983069307241314,
			0.13552889947924615,
			0.02901038446970495,
			0.14197814266459235,
			0.14197814266459235,
			0.011962317585664241,
			0.02469950534178647,
			0.06369321987898748,
			0.011962317585664241,
			0.1045311238374738,
			0.03320867969303786,
			0.022983069307241314
		],
		[
			0.1357206310654158,
			0.013962387029582286,
			0.1357206310654158,
			0.1303018283270902,
			0.013962387029582286,
			0.1357206310654158,
			0.1357206310654158,
			0.013962387029582286,
			0.013962387029582286,
			0.1357206310654158,
			0.03417989233385043,
			0.03417989233385043,
			0.013962387029582286,
			0.05292329653021852
		],
		[
			0.15987483927801213,
			0.013762644620809011,
			0.15987483927801213,
			0.15349941453153373,
			0.013762644620809011,
			0.15987483927801213,
			0.014466851081378069,
			0.013762644620809011,
			0.013762644620809011,
			0.15987483927801213,
			0.017357424345532144,
			0.09260108520465335,
			0.013762644620809011,
			0.013762644620809011
		],
		[
			0.017805864356664036,
			0.19305126739925801,
			0.018191272724295843,
			0.19305126739925801,
			0.017805864356664036,
			0.19305126739925801,
			0.030507921584269352,
			0.017805864356664036,
			0.017805864356664036,
			0.19305126739925801,
			0.03613027497720931,
			0.017805864356664036,
			0.017805864356664036,
			0.03613027497720931
		],
		[
			0.1494499281716026,
			0.12365154018896071,
			0.02043912257241447,
			0.1494499281716026,
			0.016344371657996865,
			0.1494499281716026,
			0.1494499281716026,
			0.014050018644114839,
			0.014050018644114839,
			0.1494499281716026,
			0.014050018644114839,
			0.02043912257241447,
			0.014050018644114839,
			0.01567612757374135
		],
		[
			0.15898275690154806,
			0.04966496099531127,
			0.02610448607285938,
			0.15898275690154806,
			0.02610448607285938,
			0.16018739190243536,
			0.15898275690154806,
			0.013741534337502524,
			0.035058784358163654,
			0.02610448607285938,
			0.02610448607285938,
			0.11708749862206531,
			0.029152080450937687,
			0.013741534337502524
		],
		[
			0.130942195801274,
			0.12912108962677726,
			0.017918913789531418,
			0.130942195801274,
			0.012345023792308084,
			0.12599998099796977,
			0.12912108962677726,
			0.012345023792308084,
			0.012345023792308084,
			0.130942195801274,
			0.012345023792308084,
			0.130942195801274,
			0.012345023792308084,
			0.012345023792308084
		],
		[
			0.2006590763587791,
			0.10250794694154762,
			0.07499831499368007,
			0.2366463490431059,
			0.025960256340957458,
			0.025960256340957458,
			0.025960256340957458,
			0.025960256340957458,
			0.025960256340957458,
			0.10250794694154762,
			0.025960256340957458,
			0.025960256340957458,
			0.07499831499368007,
			0.025960256340957458
		],
		[
			0.1964946523737024,
			0.1774804792770073,
			0.022325610109046934,
			0.19023533060284345,
			0.025467019892952983,
			0.1964946523737024,
			0.022325610109046934,
			0.022325610109046934,
			0.022325610109046934,
			0.03208157482351017,
			0.022325610109046934,
			0.025467019892952983,
			0.022325610109046934,
			0.022325610109046934
		],
		[
			0.1504713429913898,
			0.1504713429913898,
			0.03199366742830759,
			0.1504713429913898,
			0.01905047280254557,
			0.1414984741773798,
			0.10972324776886105,
			0.013168761250851958,
			0.01905047280254557,
			0.02260438432916953,
			0.01905047280254557,
			0.06578282529244726,
			0.013168761250851958,
			0.09349443112032449
		],
		[
			0.020260525293996193,
			0.1995790142431166,
			0.19709924316946836,
			0.1995790142431166,
			0.020260525293996193,
			0.024298757528864116,
			0.020260525293996193,
			0.020260525293996193,
			0.020260525293996193,
			0.020260525293996193,
			0.020260525293996193,
			0.020260525293996193,
			0.020260525293996193,
			0.19709924316946836
		],
		[
			0.15783979068675213,
			0.07796534660561409,
			0.15783979068675213,
			0.14367728254443063,
			0.013892403972451279,
			0.15783979068675213,
			0.016570287280764217,
			0.013892403972451279,
			0.013892403972451279,
			0.15783979068675213,
			0.013892403972451279,
			0.016570287280764217,
			0.013892403972451279,
			0.04439561367916205
		],
		[
			0.14259776365206503,
			0.1418039126291446,
			0.022942686521646157,
			0.1460359466220078,
			0.018502869312147716,
			0.1418039126291446,
			0.1418039126291446,
			0.01520933409502134,
			0.01520933409502134,
			0.04421083890837956,
			0.01520933409502134,
			0.04875600984744652,
			0.01520933409502134,
			0.09070481086878804
		],
		[
			0.05445682262340966,
			0.25317256112162256,
			0.02174863791960716,
			0.25317256112162256,
			0.05445682262340966,
			0.10493902510566835,
			0.02262271686134866,
			0.02174863791960716,
			0.02174863791960716,
			0.02174863791960716,
			0.02174863791960716,
			0.02174863791960716,
			0.02174863791960716,
			0.10493902510566835
		],
		[
			0.15955958945912355,
			0.15069567267115677,
			0.017897255069590046,
			0.15955958945912355,
			0.029671818878646294,
			0.1726431122928033,
			0.018711177267453475,
			0.017897255069590046,
			0.017897255069590046,
			0.05107983688299592,
			0.017897255069590046,
			0.15069567267115677,
			0.017897255069590046,
			0.017897255069590046
		],
		[
			0.019201265233784476,
			0.2031963701488384,
			0.19703737493230625,
			0.2031963701488384,
			0.019201265233784476,
			0.026721122733650363,
			0.019201265233784476,
			0.019201265233784476,
			0.019201265233784476,
			0.019201265233784476,
			0.019201265233784476,
			0.019201265233784476,
			0.019201265233784476,
			0.19703737493230625
		],
		[
			0.19505744774609177,
			0.1198971453838815,
			0.03230112060126566,
			0.19896473109016982,
			0.019893773157551992,
			0.04885417511087639,
			0.04885417511087639,
			0.018093008946191598,
			0.018093008946191598,
			0.19505744774609177,
			0.018093008946191598,
			0.04885417511087639,
			0.019893773157551992,
			0.018093008946191598
		],
		[
			0.15219653855340573,
			0.12711526035706855,
			0.018501360492335278,
			0.15132983294957203,
			0.018501360492335278,
			0.15219653855340573,
			0.018670618559189174,
			0.014046700613797357,
			0.018670618559189174,
			0.15219653855340573,
			0.02394665245819745,
			0.05325415155349849,
			0.018670618559189174,
			0.08070320974541088
		],
		[
			0.1544492461291681,
			0.141824222979172,
			0.1526491659966624,
			0.1544492461291681,
			0.01350978842196134,
			0.017271441268244456,
			0.017271441268244456,
			0.01350978842196134,
			0.013374300465619734,
			0.1526491659966624,
			0.013374300465619734,
			0.1287838035699348,
			0.013374300465619734,
			0.01350978842196134
		],
		[
			0.017125495939698233,
			0.1902374931923266,
			0.1902374931923266,
			0.1902374931923266,
			0.017125495939698233,
			0.01819694147399106,
			0.01819694147399106,
			0.017125495939698233,
			0.017125495939698233,
			0.02893495273283579,
			0.017125495939698233,
			0.07096821591168619,
			0.017125495939698233,
			0.1902374931923266
		],
		[
			0.02062544119267129,
			0.02062544119267129,
			0.05685995714726614,
			0.23107440729830311,
			0.02062544119267129,
			0.0700272549075832,
			0.21343720342478112,
			0.02062544119267129,
			0.02062544119267129,
			0.2024661743353779,
			0.02062544119267129,
			0.05685995714726614,
			0.0248969573907233,
			0.02062544119267129
		],
		[
			0.1604913702364447,
			0.06704268566390369,
			0.06704268566390369,
			0.18316484541510872,
			0.024833301903688133,
			0.018233280830026365,
			0.1604913702364447,
			0.018233280830026365,
			0.018233280830026365,
			0.1604913702364447,
			0.018233280830026365,
			0.018233280830026365,
			0.018233280830026365,
			0.06704268566390369
		],
		[
			0.15303618150342516,
			0.06947071993701451,
			0.013754716426902302,
			0.15303618150342516,
			0.013754716426902302,
			0.15303618150342516,
			0.13524374414581497,
			0.013754716426902302,
			0.013754716426902302,
			0.13791562668677593,
			0.013754716426902302,
			0.017723601416014,
			0.013754716426902302,
			0.09800946474269151
		],
		[
			0.03823567356597024,
			0.013997010816592043,
			0.15060641759686924,
			0.15263462781451548,
			0.013188632015238025,
			0.15263462781451548,
			0.15263462781451548,
			0.013188632015238025,
			0.013188632015238025,
			0.10498687858153676,
			0.013188632015238025,
			0.03823567356597024,
			0.013188632015238025,
			0.13009130235332514
		],
		[
			0.16780425876229563,
			0.16780425876229563,
			0.16252141689486496,
			0.16252141689486496,
			0.01526037800346966,
			0.015778743883440353,
			0.01526037800346966,
			0.01526037800346966,
			0.01526037800346966,
			0.01526037800346966,
			0.048943000015655144,
			0.01526037800346966,
			0.01526037800346966,
			0.16780425876229563
		],
		[
			0.1693745350748696,
			0.045965569411664686,
			0.019947486054823327,
			0.1534072654708391,
			0.01751962969393684,
			0.1534072654708391,
			0.1534072654708391,
			0.01751962969393684,
			0.01751962969393684,
			0.1534072654708391,
			0.01751962969393684,
			0.045965569411664686,
			0.01751962969393684,
			0.01751962969393684
		],
		[
			0.15191434537826196,
			0.1210778295664955,
			0.1568657856164995,
			0.022864247740498708,
			0.013525538232961954,
			0.15191434537826196,
			0.013525538232961954,
			0.013525538232961954,
			0.013525538232961954,
			0.1568657856164995,
			0.013525538232961954,
			0.06207904516964885,
			0.013525538232961954,
			0.09526538613606227
		],
		[
			0.17518955997806382,
			0.17518955997806382,
			0.017133586036024648,
			0.16759572726629504,
			0.0229980810242801,
			0.17518955997806382,
			0.017133586036024648,
			0.017133586036024648,
			0.017133586036024648,
			0.10759041341725299,
			0.017133586036024648,
			0.017133586036024648,
			0.017133586036024648,
			0.05631199610580826
		],
		[
			0.15051874336906126,
			0.01322138571424733,
			0.1438535743017825,
			0.11535745523022706,
			0.01322138571424733,
			0.1438535743017825,
			0.11535745523022706,
			0.01322138571424733,
			0.01322138571424733,
			0.15051874336906126,
			0.01322138571424733,
			0.07371324177163432,
			0.01322138571424733,
			0.02749889814074007
		],
		[
			0.15376449163530034,
			0.1332897798266227,
			0.04966841573309714,
			0.15376449163530034,
			0.023820423899340387,
			0.1332897798266227,
			0.1471894251639736,
			0.01779077846259017,
			0.020856801169428476,
			0.0372824991602575,
			0.023820423899340387,
			0.023820423899340387,
			0.020856801169428476,
			0.06078546451935754
		],
		[
			0.13970073678285247,
			0.012284879586205283,
			0.13092515734739882,
			0.1319598631115161,
			0.012284879586205283,
			0.13970073678285247,
			0.1319598631115161,
			0.012284879586205283,
			0.012284879586205283,
			0.13970073678285247,
			0.022563756012027307,
			0.02866935271037232,
			0.012284879586205283,
			0.07339539942758558
		],
		[
			0.220010572603755,
			0.01936969989690884,
			0.01936969989690884,
			0.220010572603755,
			0.01936969989690884,
			0.1040358554997018,
			0.01936969989690884,
			0.01936969989690884,
			0.01936969989690884,
			0.21720616148032568,
			0.01936969989690884,
			0.01936969989690884,
			0.01936969989690884,
			0.06440953874028309
		],
		[
			0.10218807595093049,
			0.10218807595093049,
			0.02289262087264582,
			0.14103903564207373,
			0.03194642029074416,
			0.15039012216904052,
			0.14103903564207373,
			0.013162817954593373,
			0.013162817954593373,
			0.14103903564207373,
			0.013162817954593373,
			0.03194642029074416,
			0.013162817954593373,
			0.08267988573036972
		],
		[
			0.028640955885891127,
			0.1673709805818389,
			0.032782741799931285,
			0.24280640517005156,
			0.028640955885891127,
			0.07985216432594874,
			0.028640955885891127,
			0.028640955885891127,
			0.02947787201320386,
			0.1673709805818389,
			0.028640955885891127,
			0.07985216432594874,
			0.028640955885891127,
			0.028640955885891127
		],
		[
			0.13280710433057266,
			0.013301459527859829,
			0.13280710433057266,
			0.1319957843330406,
			0.013301459527859829,
			0.13280710433057266,
			0.13280710433057266,
			0.013301459527859829,
			0.013301459527859829,
			0.13280710433057266,
			0.013301459527859829,
			0.11085847731907739,
			0.013301459527859829,
			0.013301459527859829
		],
		[
			0.14462743765574715,
			0.013468946299389103,
			0.14462743765574715,
			0.12003596934266306,
			0.013468946299389103,
			0.14462743765574715,
			0.10829990470036054,
			0.013468946299389103,
			0.013468946299389103,
			0.14462743765574715,
			0.029390645732766018,
			0.03602205622098238,
			0.01816854213102264,
			0.05569734605166047
		],
		[
			0.16151627691094952,
			0.015248463939135993,
			0.16151627691094952,
			0.16151627691094952,
			0.015248463939135993,
			0.15264620671365045,
			0.015248463939135993,
			0.015248463939135993,
			0.015248463939135993,
			0.09816418332706961,
			0.09816418332706961,
			0.05973734832540989,
			0.015248463939135993,
			0.015248463939135993
		],
		[
			0.1481056825560981,
			0.013391432352240985,
			0.1481056825560981,
			0.1319948346469828,
			0.013391432352240985,
			0.1481056825560981,
			0.06334634073768212,
			0.013391432352240985,
			0.013391432352240985,
			0.1481056825560981,
			0.013391432352240985,
			0.04945624641966367,
			0.013391432352240985,
			0.08243125385783318
		],
		[
			0.1533697863116802,
			0.01696688671855447,
			0.1533697863116802,
			0.0996389323601687,
			0.016874588407651325,
			0.1533697863116802,
			0.04295158063806546,
			0.016874588407651325,
			0.016874588407651325,
			0.1533697863116802,
			0.016874588407651325,
			0.0996389323601687,
			0.016874588407651325,
			0.04295158063806546
		],
		[
			0.13117555876217193,
			0.08251872668782355,
			0.13117555876217193,
			0.13117555876217193,
			0.12909997906720908,
			0.13117555876217193,
			0.014678088456377867,
			0.014678088456377867,
			0.014678088456377867,
			0.13117555876217193,
			0.014678088456377867,
			0.04443496969584036,
			0.014678088456377867,
			0.014678088456377867
		],
		[
			0.16171766212003197,
			0.01402097171433795,
			0.16171766212003197,
			0.14298372548743038,
			0.014360240586493253,
			0.16171766212003197,
			0.018306394564713925,
			0.01402097171433795,
			0.07792420810236235,
			0.014360240586493253,
			0.01402097171433795,
			0.15528966296424293,
			0.031253231640440485,
			0.018306394564713925
		],
		[
			0.15707786515304387,
			0.15707786515304387,
			0.14692093849562926,
			0.14949883337699973,
			0.013384882222849443,
			0.018894423875392585,
			0.042444543520299825,
			0.013384882222849443,
			0.022437397031134534,
			0.09596165131148818,
			0.020154273380906564,
			0.023930153236862466,
			0.04287063970801206,
			0.09596165131148818
		],
		[
			0.024021373775877975,
			0.15785190549239764,
			0.15785190549239764,
			0.16503676063242417,
			0.01927331936539175,
			0.02836689873345585,
			0.16503676063242417,
			0.01927331936539175,
			0.01927331936539175,
			0.06201286772198026,
			0.01927331936539175,
			0.02836689873345585,
			0.01927331936539175,
			0.11508803195862762
		],
		[
			0.15820409729219226,
			0.15820409729219226,
			0.15815910632173696,
			0.15820409729219226,
			0.017896559210803204,
			0.01954361848292517,
			0.021156558312628575,
			0.017896559210803204,
			0.017896559210803204,
			0.09131455113384754,
			0.017896559210803204,
			0.021156558312628575,
			0.017896559210803204,
			0.12457451950564029
		],
		[
			0.18552634699556195,
			0.17468739447011025,
			0.03427576355133508,
			0.18552634699556195,
			0.01654261967079649,
			0.05096004641816148,
			0.019548377118689602,
			0.01654261967079649,
			0.01741437156966406,
			0.17468739447011025,
			0.03427576355133508,
			0.02490759539463157,
			0.01654261967079649,
			0.04856274045244938
		],
		[
			0.15201144315562834,
			0.08656270747988376,
			0.01456933864636366,
			0.1500129259502712,
			0.01456933864636366,
			0.15201144315562834,
			0.12445339342211618,
			0.01456933864636366,
			0.01456933864636366,
			0.15201144315562834,
			0.01729454740212792,
			0.02841476934519302,
			0.01456933864636366,
			0.06438063370170492
		],
		[
			0.018178997865651945,
			0.18483086453082184,
			0.018178997865651945,
			0.18483086453082184,
			0.035054289463979656,
			0.2019964496569898,
			0.023581402751252933,
			0.018178997865651945,
			0.018178997865651945,
			0.2019964496569898,
			0.023581402751252933,
			0.035054289463979656,
			0.018178997865651945,
			0.018178997865651945
		],
		[
			0.04715903783273087,
			0.17440644393463411,
			0.04715903783273087,
			0.17843595512341767,
			0.015383115206243006,
			0.04715903783273087,
			0.17440644393463411,
			0.015383115206243006,
			0.017303894877063977,
			0.17440644393463411,
			0.027030646698078663,
			0.017303894877063977,
			0.017303894877063977,
			0.04715903783273087
		],
		[
			0.015413641949848773,
			0.14711135323941604,
			0.14448264731276092,
			0.14711135323941604,
			0.0177988140558468,
			0.020594338679085313,
			0.12855620256349753,
			0.015413641949848773,
			0.03659657293879465,
			0.12855620256349753,
			0.0177988140558468,
			0.015413641949848773,
			0.03659657293879465,
			0.12855620256349753
		],
		[
			0.14452891738024168,
			0.1384882987041373,
			0.018183199644746587,
			0.14218720943543636,
			0.018183199644746587,
			0.14452891738024168,
			0.06509530665661586,
			0.018183199644746587,
			0.018183199644746587,
			0.14739578786045415,
			0.018183199644746587,
			0.06509530665661586,
			0.036500027932787886,
			0.025264229769736423
		]
	],
	"weights_mean": [
		0.12782096856197966,
		0.10201774908511138,
		0.09678362063567685,
		0.15651891413870256,
		0.029446945527817195,
		0.11589959412800631,
		0.07536747092624223,
		0.016236629160597454,
		0.01806763541114585,
		0.10528889540258302,
		0.023829710101305652,
		0.04550721018378514,
		0.019116502798773628,
		0.06809815393827306
	],
	"weights_std": [
		0.059743046358668776,
		0.06521079362027304,
		0.06485529600965842,
		0.051655628009900104,
		0.03170277466413333,
		0.05667440300198331,
		0.06147175783069582,
		0.003626533025949765,
		0.007931450958872786,
		0.061261780204927535,
		0.019312611414574275,
		0.035438676619308655,
		0.008818608757657798,
		0.05516141469336919
	]
}
