{
	"training_mean": 0.173493632218122,
	"training_std": 0.09504998972136533,
	"training_se": 0.009504998972136533,
	"test_mean": 0.13316017316017315,
	"test_std": 0.13795243276824157,
	"test_se": 0.013795243276824156,
	"metric_names": [
		"width",
		"depth",
		"multi_qubit_gate_depth",
		"total_number_of_operations",
		"number_of_single_qubit_gates",
		"number_of_multi_qubit_gates",
		"number_of_measurement_operations",
		"single_qubit_gate_error",
		"multi_qubit_gate_error",
		"single_qubit_gate_time",
		"multi_qubit_gate_time",
		"readout_error",
		"t1",
		"t2"
	],
	"normalized_weights": [
		[
			0.016337033153668204,
			0.0992924556154135,
			0.043438245695678564,
			0.041208998167777434,
			0.16904599245151133,
			0.020107475843606473,
			0.10933078583868092,
			0.06185771529278499,
			0.15859622556080696,
			0.03326479074136113,
			0.09590455556414983,
			0.015003291618476614,
			0.11194184217225907,
			0.024670592283825094
		],
		[
			0.04329903568560376,
			0.005213521436974273,
			0.015469034426945099,
			0.22354556786575577,
			0.048848412971253106,
			0.1395846762114855,
			0.21157701325136696,
			0.0026233746111478423,
			0.0090741483770549,
			0.13163106106499464,
			0.08428836823060204,
			0.0007156901063145532,
			0.003370089126183409,
			0.08076000663431801
		],
		[
			0.14398757262012726,
			0.030263672126492246,
			0.09487643343431411,
			0.030335374182283985,
			0.029587575799414827,
			0.13977864662765194,
			0.012459626953367362,
			0.1300617355582815,
			0.036586366955665806,
			0.1279001320129565,
			0.05660896636690822,
			0.09108793960587754,
			0.0485785956429685,
			0.02788736211369024
		],
		[
			0.11748313606978183,
			0.023631296621404965,
			0.044016670421578974,
			0.1040332060480737,
			0.1638205411466567,
			0.029858578576408196,
			0.09355813212884519,
			0.14688654928059908,
			0.045848649066165086,
			0.12247902678743805,
			0.01625120529571642,
			0.05040822811760794,
			0.02498917063926758,
			0.016735609800456203
		],
		[
			0.1799133288436968,
			0.021954889858964335,
			0.02321954451368016,
			0.12220942789497619,
			0.059273457623868576,
			0.21215622202362427,
			0.19139077055687478,
			0.0014053336365125754,
			0.0027361477982400617,
			0.006331215157252937,
			0.030680248846577513,
			0.00032993029921543426,
			0.0009356311933537809,
			0.14746385175316246
		],
		[
			0.021911363002201558,
			0.11484046626374986,
			0.1118967959679357,
			0.0718868219240097,
			0.032158596794518775,
			0.08915149261184191,
			0.11376529084134791,
			0.04348190367004508,
			0.11379961986455228,
			0.020311118663350967,
			0.06160409084885727,
			0.10603739395057526,
			0.015646469716660547,
			0.08350857588035325
		],
		[
			0.13402170328954865,
			0.13378951848568477,
			0.08965789383958499,
			0.13421825821244154,
			0.06311313628071372,
			0.11842341507488052,
			0.004362326817657651,
			0.005242484077252305,
			0.0013558483198524932,
			0.13111184548395743,
			0.014524242355479118,
			0.06331370454555459,
			0.005741850244004037,
			0.1011237729733883
		],
		[
			0.05380764564481122,
			0.13582316576956405,
			0.12243642988926687,
			0.0496204087364229,
			0.10791775612423204,
			0.06584344949498946,
			0.023538148489483636,
			0.13761793727035246,
			0.02786277155611127,
			0.0425468982267908,
			0.030819592806330825,
			0.014028886552003034,
			0.03491055704072165,
			0.15322635239891966
		],
		[
			0.04282833091342893,
			0.02810921453117576,
			0.04776545771943972,
			0.05440553948966294,
			0.15243757027948476,
			0.08262733440716719,
			0.08271524044643778,
			0.16001561522093002,
			0.02419416036380602,
			0.05110518860063824,
			0.04739397316898292,
			0.17376070185510956,
			0.02007100047477888,
			0.03257067252895731
		],
		[
			0.13494855687164842,
			0.1484390823080908,
			0.05498562834547073,
			0.14457353797028194,
			0.05328779805708032,
			0.14490209392994322,
			0.018048443998251364,
			0.0007805535880619994,
			0.07725519824995171,
			0.02563633857736571,
			0.12812038059597505,
			0.0026732871474957494,
			0.05968111136287547,
			0.006667988997507566
		],
		[
			0.11679753822845183,
			0.10385182385994852,
			0.1126589580951347,
			0.05717146549755024,
			0.07040885606982214,
			0.08061256920749166,
			0.12158679592636096,
			0.058593819589083614,
			0.07529284530449154,
			0.018425604317949956,
			0.03843498027987064,
			0.06596836829531942,
			0.03363944235217241,
			0.04655693297635249
		],
		[
			0.06680700044450744,
			0.020999419981734806,
			0.09424363839944928,
			0.013610329270225135,
			0.11369318070055193,
			0.05854876405789232,
			0.11588593026277885,
			0.1397608729294637,
			0.11546791324210066,
			0.030163973637308186,
			0.05960478753102363,
			0.01670958876018993,
			0.04495042969779459,
			0.10955417108497975
		],
		[
			0.025096403307498873,
			0.10276504295388385,
			0.04595629147871652,
			0.09478748256357472,
			0.09922183295066714,
			0.035611188606388594,
			0.09595664071832319,
			0.1060162925670697,
			0.0843421854693768,
			0.10511029114201813,
			0.035750429706240275,
			0.07165117604774388,
			0.055328488786567605,
			0.04240625370193096
		],
		[
			0.07518981829687352,
			0.018467225588883095,
			0.07778653566900862,
			0.011607643483490275,
			0.11944428351823802,
			0.09606162098933527,
			0.1048766038690327,
			0.05500204194633227,
			0.01279628347807555,
			0.06633837618632708,
			0.1296009858898417,
			0.03383028244827526,
			0.09372781525741791,
			0.10527048337886859
		],
		[
			0.0696635114430495,
			0.13250676179692447,
			0.026713624953877486,
			0.04091437943416587,
			0.016361496463129344,
			0.10911488674965808,
			0.0225121010370613,
			0.17864080760953183,
			0.06429489417693819,
			0.05315743192833818,
			0.03551374481150158,
			0.03749273467877366,
			0.14122954248874614,
			0.07188408242830444
		],
		[
			0.036103880602885746,
			0.04411433170583093,
			0.1304784152233643,
			0.11101195158137776,
			0.01862460305126593,
			0.021538421110764865,
			0.14377810923993456,
			0.10776263842256224,
			0.024387275866428474,
			0.021384492298308872,
			0.06905812327385909,
			0.10466189961602171,
			0.11625343846046075,
			0.05084241954693479
		],
		[
			0.07049137144841598,
			0.13469985924860253,
			0.07182046531630203,
			0.05507085105557985,
			0.0679456231648503,
			0.10867185541087775,
			0.013092939430202179,
			0.02251527432389347,
			0.10926386880743748,
			0.030714432839106284,
			0.13425967394613117,
			0.02762006221671448,
			0.08185283880892405,
			0.07198088398296254
		],
		[
			0.010013885638056145,
			0.10802908072305879,
			0.015640432364260368,
			0.10724366310055485,
			0.08243619229292058,
			0.03622703675254323,
			0.10996408191897027,
			0.07269096150517133,
			0.10098992957547079,
			0.04184842823743588,
			0.09399545918030655,
			0.10206417362312599,
			0.049206286905958414,
			0.06965038818216682
		],
		[
			0.03981221703832159,
			0.022475645601303537,
			0.014896900169020245,
			0.0975133821972286,
			0.042201878056306534,
			0.09561982582798756,
			0.1059681468672761,
			0.10623223593764065,
			0.04645034664864067,
			0.08316528316713895,
			0.07935413687737924,
			0.061968118922921436,
			0.09981960334402902,
			0.10452227934480587
		],
		[
			0.08406923002739633,
			0.015128598070201435,
			0.0180351533809626,
			0.04866696155447407,
			0.09818247187411092,
			0.03146608234429621,
			0.1448128801472592,
			0.017332986127869016,
			0.14289118281648133,
			0.01449934150081319,
			0.14529990124156544,
			0.12522980038040657,
			0.017586738010693687,
			0.09679867252347005
		],
		[
			0.12130578847490042,
			0.09211937723568563,
			0.10604348858680587,
			0.019237703279369817,
			0.10240391023811972,
			0.05803268201422339,
			0.05123356851598026,
			0.03606526989676395,
			0.021671659163063878,
			0.1069850476583686,
			0.07515398794518223,
			0.07233254309151954,
			0.049457726068392965,
			0.08795724783162377
		],
		[
			0.06476425651180746,
			0.06501510084865725,
			0.046286159396989615,
			0.006652368917815837,
			0.0025076956732697883,
			0.15425183879643856,
			0.22095896315037752,
			0.006380038766522955,
			0.02338902651008087,
			0.014532977595651057,
			0.009486473930379687,
			0.03671610629990776,
			0.22010446680229218,
			0.12895452679980954
		],
		[
			0.1890303721435352,
			0.14244869317768882,
			0.01842885411110575,
			0.009389476046397434,
			0.05569745267295349,
			0.19032020452438284,
			0.035590825400659644,
			0.002254248086976053,
			0.02010933667896546,
			0.16310267704504522,
			0.0015383789971605652,
			0.053857696625891,
			0.011062272974982731,
			0.10716951151425583
		],
		[
			0.021486524549956715,
			0.16695670276319333,
			0.018132625700455474,
			0.11905409449987182,
			0.11987203334654818,
			0.035805914728563266,
			0.05760594113213317,
			0.08255490944222944,
			0.10833373042693742,
			0.03376395571318586,
			0.02602257871746057,
			0.01851760081521554,
			0.17556304411965243,
			0.0163303440445969
		],
		[
			0.05643098375415696,
			0.010468580962811412,
			0.10716616173995336,
			0.08776504584790785,
			0.003994718721806533,
			0.09056997704930927,
			0.17650052353208273,
			0.01537924692133215,
			0.13551680526151885,
			0.09122825911163115,
			0.008459109873005242,
			0.010743305320847064,
			0.18970477207636963,
			0.01607250982726777
		],
		[
			0.05800377106986211,
			0.15749692723759437,
			0.05451753518622572,
			0.05394126532583159,
			0.16148467537313,
			0.11306537432076282,
			0.08574544917229092,
			0.053839170316922355,
			0.036874173253278256,
			0.10718997974827148,
			0.03372780829241914,
			0.04132330109316084,
			0.014193521412870355,
			0.028597048197379942
		],
		[
			0.15105080412149624,
			0.1429455343679926,
			0.01736177101196374,
			0.14237630054209915,
			0.11553107527257482,
			0.05105004688916607,
			0.13610456154631967,
			0.0134099904243226,
			0.03327103576496629,
			0.09098509488084854,
			0.013410143063181225,
			0.029080445856346643,
			0.021348091746487805,
			0.042075104512234666
		],
		[
			0.019857062782299602,
			0.06500821585143982,
			0.11795281413049039,
			0.025789130569288176,
			0.04728902438176752,
			0.19468266321008015,
			0.10952500659037988,
			0.0735204458263573,
			0.06750196015731458,
			0.020492527272158657,
			0.01760801546748195,
			0.13051357370736003,
			0.0649986103247383,
			0.045260949728843654
		],
		[
			0.10999966326683017,
			0.06295676289040521,
			0.0896001333015971,
			0.047170862249546086,
			0.029763825103860768,
			0.08790324612140368,
			0.0741110991256958,
			0.09427029747689274,
			0.09683636187663976,
			0.012995405333724603,
			0.11667054982762819,
			0.03729592724639147,
			0.08014896213244739,
			0.06027690404693714
		],
		[
			0.1585493996791607,
			0.011394764477111036,
			0.08050498261506871,
			0.1694398337206019,
			0.05002645126144035,
			0.16686008589017945,
			0.06302745533598511,
			0.0003503901850333108,
			0.03672989080324191,
			0.11961513629367519,
			0.0010303796956532354,
			0.06262055084773378,
			0.001801153592485001,
			0.0780495256026301
		],
		[
			0.10919334894364718,
			0.10313129100756253,
			0.034264263393734715,
			0.024895047198372218,
			0.031659559219007906,
			0.11076939063985752,
			0.10146318316171679,
			0.08040671711471728,
			0.11100303529099984,
			0.040967636499681576,
			0.10775954978043308,
			0.050123372341584066,
			0.08482846913671749,
			0.009535136271967769
		],
		[
			0.117510307551739,
			0.07925108196353611,
			0.13331729279784293,
			0.0130409679409067,
			0.0036810797501343755,
			0.08227991972832721,
			0.1062242548229712,
			0.00947155205377223,
			0.0984579959693618,
			0.02534249809741049,
			0.000816653774388227,
			0.11439536215704153,
			0.1684653724619781,
			0.04774566093059015
		],
		[
			0.039574911742644575,
			0.11190544920637488,
			0.06798626817128714,
			0.010871987355234796,
			0.08328152216794438,
			0.02990204930643477,
			0.09980360710682296,
			0.10488596412171486,
			0.04925269548374253,
			0.11806072361871497,
			0.0637081835833102,
			0.07486677191970803,
			0.07080267991033558,
			0.07509718630573023
		],
		[
			0.0990858447689894,
			0.11437549492412243,
			0.04491201821362837,
			0.1236502907138908,
			0.06587499455359468,
			0.19162832649191125,
			0.062894248199866,
			0.0024249723464953147,
			0.012879330679324076,
			0.14729559684510787,
			0.0036879314908451893,
			0.0287220219273298,
			0.003269157482187262,
			0.09929977136270776
		],
		[
			0.30100620073585477,
			0.013626075491094687,
			0.3335493332112661,
			0.002894301275807524,
			0.016263946728144015,
			0.0021183900205213133,
			0.0018645824438572698,
			0.0024774177965560095,
			0.0004500597526152149,
			0.1921597597269223,
			0.11350781791554351,
			0.0011760509840982039,
			0.0024438840841531652,
			0.01646217983356607
		],
		[
			0.023384657569953313,
			0.03535754222971227,
			0.10000100887595784,
			0.014894608032027544,
			0.08928362140478643,
			0.0227919829187266,
			0.13429217280190467,
			0.029476249421586116,
			0.04820701194112002,
			0.15230401878306585,
			0.04143276352711221,
			0.137369455580263,
			0.05891011245241388,
			0.11229479446137026
		],
		[
			0.10909829619991432,
			0.09676207754553644,
			0.0303998657514581,
			0.0998410332091697,
			0.036408983392538743,
			0.10717080153197533,
			0.0697135037274051,
			0.10104688148441827,
			0.04466798033155634,
			0.08639983817663642,
			0.08973551573017766,
			0.026618109812304926,
			0.0753341588117476,
			0.02680295429516114
		],
		[
			0.03696417278574793,
			0.12704310235732028,
			0.10148896998462241,
			0.020334874092570614,
			0.03339411159225683,
			0.02876433114098196,
			0.12945231732954254,
			0.1185489421249003,
			0.10731093238896677,
			0.017016584172307607,
			0.012168625496736316,
			0.1235586933477431,
			0.023734670551211243,
			0.12021967263509209
		],
		[
			0.1359677963854159,
			0.01010252854131856,
			0.08831194638164239,
			0.17033463413289607,
			0.04420985200592844,
			0.1760455994526195,
			0.001767993209104015,
			0.0024465859117255816,
			0.01069149556420296,
			0.17265764235196507,
			0.07099297172831896,
			0.00045237916329471584,
			0.002862572875982819,
			0.1131560022955849
		],
		[
			0.1881492828518276,
			0.013510027063659797,
			0.2004824381188407,
			0.18560488527244054,
			0.07464517530720399,
			0.08048730674564337,
			0.016468512781002465,
			0.0017360618209756949,
			0.002298658747001489,
			0.0019632226276624217,
			0.0037073693528804014,
			0.004007906507649673,
			0.09762723083711422,
			0.12931192196609767
		],
		[
			0.10029931176785709,
			0.046820614607527636,
			0.008385161594098498,
			0.09269541291365745,
			0.10091618477055846,
			0.0804452981377558,
			0.0745297661039716,
			0.02597733279843319,
			0.0821414493875679,
			0.09015852700519157,
			0.017147163177764622,
			0.09442930374609328,
			0.09982047256297667,
			0.08623400142654626
		],
		[
			0.07713554387137014,
			0.13808749258403236,
			0.010119975548733527,
			0.12613645675862728,
			0.05893296600933638,
			0.13895007945962326,
			0.09474530691189523,
			0.007492887001716197,
			0.014677139692012292,
			0.121600813106531,
			0.010239018346923362,
			0.0813439715840109,
			0.02940954539635787,
			0.09112880372883027
		],
		[
			0.06841139427105253,
			0.056352809665091944,
			0.06430319282142959,
			0.03474355031439931,
			0.02469256120261547,
			0.1482119858347076,
			0.04653570817698814,
			0.06327082406579845,
			0.025536153233164674,
			0.086330962372546,
			0.22902852737317136,
			0.021018098450431587,
			0.026572256622899672,
			0.10499197559570372
		],
		[
			0.017921202317644002,
			0.0274566891358697,
			0.011203166394460222,
			0.05411483646136248,
			0.09775981486358576,
			0.027386920040605466,
			0.10704307098062348,
			0.06772954812372875,
			0.10603532805100044,
			0.1063533207589564,
			0.08898004545866371,
			0.11294237445053633,
			0.11053897034786467,
			0.06453471261509845
		],
		[
			0.05657783274642019,
			0.09228406507419622,
			0.08650767745975312,
			0.08170154588638544,
			0.10437261562295408,
			0.020720673290323822,
			0.10986736870930983,
			0.024005305684460236,
			0.017013343159451327,
			0.11450630337555913,
			0.020576971013581767,
			0.04122106048089527,
			0.11556870628714556,
			0.11507653120956403
		],
		[
			0.013952461097274344,
			0.08198176274526243,
			0.07055873503705397,
			0.059665856719487056,
			0.12068443560661048,
			0.1396225192045601,
			0.07573114726462095,
			0.11025299294127634,
			0.0366709128274119,
			0.06939428119039483,
			0.08688133336463494,
			0.09657629842909231,
			0.012195379050232174,
			0.02583188452208823
		],
		[
			0.04950295377863668,
			0.14284601999029675,
			0.07374908224032971,
			0.0874335740911028,
			0.09060479741951687,
			0.029012781666681718,
			0.013373990180882487,
			0.02246863436378321,
			0.023481340900920064,
			0.052881315003009056,
			0.13495585531558418,
			0.1327269063481482,
			0.13503931453072557,
			0.011923434170382753
		],
		[
			0.1303665404354631,
			0.037286669201994915,
			0.12219872934707622,
			0.15202045450198143,
			0.08302382856168118,
			0.1507309691094709,
			0.0625644948851535,
			0.002362887549378808,
			0.10524620590783305,
			0.021568037695992567,
			0.022089983446521175,
			0.10726180272588118,
			0.0020709807875407375,
			0.001208415844031052
		],
		[
			0.17490714722398046,
			0.006023336624955718,
			0.03057986127164992,
			0.13388652822250305,
			0.0722929072271462,
			0.19185572198574602,
			0.02638619375064597,
			0.0013848939995553676,
			0.06470213263709143,
			0.16206444283791743,
			0.04744843071393507,
			0.0018574816840037113,
			0.0016681911179315103,
			0.08494273070293816
		],
		[
			0.014365259894804363,
			0.16373303882089896,
			0.039347747916331464,
			0.003524139192545947,
			0.16270006262538872,
			0.15800606721761207,
			0.14831242349587775,
			0.0013092377163663055,
			0.0346566756610091,
			0.1579803898222682,
			0.02231179857439215,
			0.00208541548193175,
			0.0033544642510337634,
			0.08831327932953933
		],
		[
			0.12655585801417313,
			0.05800292283381596,
			0.031168326583847324,
			0.18217821947021676,
			0.05572896662958427,
			0.10645455550908325,
			0.13027132695230714,
			0.0028349342844795006,
			0.07090508988616916,
			0.1103287598935583,
			0.06316558132450081,
			0.0028572827260985394,
			0.0036521074728940446,
			0.055896068419271784
		],
		[
			0.06517727837309852,
			0.0940499131214952,
			0.10705938496239732,
			0.1080312622559285,
			0.06657118312003052,
			0.14079488340019827,
			0.10102890213392793,
			0.00102777447405864,
			0.013578830133441498,
			0.1452267623554146,
			0.06036974571678352,
			0.000942397258177465,
			0.003032011573863222,
			0.09310967112118486
		],
		[
			0.08555085284824161,
			0.054927629427030104,
			0.0903069328017405,
			0.06377655681212255,
			0.09921815493187806,
			0.08507572874222122,
			0.02943382269514572,
			0.045544149752028605,
			0.028353506584555224,
			0.10713290652515911,
			0.0830882074418866,
			0.07090893072765836,
			0.060256879754951656,
			0.09642574095538081
		],
		[
			0.02428688203832444,
			0.12345393576706813,
			0.09145005699917383,
			0.10307241192853084,
			0.05060925462177347,
			0.02689283719855865,
			0.1318566496195057,
			0.014048168434303513,
			0.11215178713723224,
			0.04968052449931105,
			0.12014066168810576,
			0.013528628046942643,
			0.12395409216020668,
			0.014874109860963134
		],
		[
			0.055416660576329796,
			0.14410958447941455,
			0.09304977829677155,
			0.14057380966993174,
			0.07400363704084519,
			0.1305973089949992,
			0.0382967234248963,
			0.008485461217228098,
			0.11226835347894965,
			0.016252343111151653,
			0.015728094984338484,
			0.12122532535058607,
			0.043030472918578956,
			0.006962446455978786
		],
		[
			0.12516224814037594,
			0.022906370754851767,
			0.10445567214401039,
			0.009687508376546096,
			0.019728405480229885,
			0.14030164095466718,
			0.2120618148403207,
			0.001976931291909681,
			0.005137421270687247,
			0.2451922835974661,
			0.07984237465520186,
			0.0007404142133927695,
			0.0023306052716689923,
			0.03047630900867168
		],
		[
			0.13386591597294475,
			0.1443826267313107,
			0.032370444425171264,
			0.1276371217696138,
			0.06994820275860457,
			0.14243008771517776,
			0.10869898042326659,
			0.0024076669532911445,
			0.12320243464276255,
			0.009893467318824224,
			0.0046089745537066,
			0.08453112292248678,
			0.004383527775047899,
			0.01163942603779149
		],
		[
			0.1008260713046002,
			0.10113629612602962,
			0.1049635186140242,
			0.034504399851370784,
			0.08046365616640114,
			0.010250041924050927,
			0.11308896854019518,
			0.1018125333825906,
			0.10537937355631526,
			0.010778895049588103,
			0.08980500171130489,
			0.012292076108713178,
			0.06604642849779957,
			0.06865273916701654
		],
		[
			0.09396065248477863,
			0.09027043145098614,
			0.022097981209228377,
			0.03647411189290159,
			0.06162714048815936,
			0.03505080167907798,
			0.03298173688752759,
			0.17379255997791637,
			0.07491594331327485,
			0.07165296059814426,
			0.07504384549558987,
			0.08648917328162554,
			0.11164414431710915,
			0.033998516923680264
		],
		[
			0.056411127947738816,
			0.01970034539578499,
			0.13315609232047654,
			0.10904671404063518,
			0.11518503195029345,
			0.030612901280573153,
			0.04027015762668498,
			0.023083075550145722,
			0.036997884327703116,
			0.12855842105606774,
			0.12489279493928486,
			0.13376041532388536,
			0.011463667632440944,
			0.03686137060828515
		],
		[
			0.042674998005687484,
			0.0595130403161095,
			0.13230475880223833,
			0.018675765399245158,
			0.012957559230533995,
			0.04434138130609563,
			0.08803823332097485,
			0.09104547737652684,
			0.12619312749294262,
			0.12345163737319796,
			0.09627923417238983,
			0.028746620724537944,
			0.1070978850615533,
			0.028680281417966642
		],
		[
			0.16699050438250418,
			0.1123661980786417,
			0.01093092923068573,
			0.1260580580930768,
			0.04681673900363022,
			0.0956200453957492,
			0.11792687548123029,
			0.0023934401163124177,
			0.003912243554530396,
			0.17359298517951485,
			0.04277078645834585,
			0.0017695414721460364,
			0.001536103644171969,
			0.09731554990946013
		],
		[
			0.1249351524830252,
			0.1749328405833513,
			0.11631431193223425,
			0.11661937716485385,
			0.003545131433363582,
			0.014372483066768915,
			0.11477246271118091,
			0.010218058729656294,
			0.10270566628419327,
			0.01165440068401905,
			0.028020875699144812,
			0.15843938805420807,
			0.0054142631695521335,
			0.018055588004448186
		],
		[
			0.010481845613739658,
			0.038052282730035775,
			0.06701002946995807,
			0.07300668870839196,
			0.09671997925618606,
			0.019485932112892936,
			0.11792616562464608,
			0.015692460836399705,
			0.1233836227842871,
			0.016440254268655526,
			0.10357593311094206,
			0.12549850743447502,
			0.11257940266921944,
			0.08014689538017068
		],
		[
			0.10286130250842217,
			0.06880284013761233,
			0.0914677414559928,
			0.08667162282263056,
			0.10768207052330818,
			0.07084357652888594,
			0.024666147305568237,
			0.017890897406500836,
			0.054935542151166125,
			0.07432366658986476,
			0.08750825288277718,
			0.014017795570916574,
			0.10682410944968376,
			0.09150443466667053
		],
		[
			0.10375827712157436,
			0.060854778793962984,
			0.10082413365687926,
			0.016271434541980316,
			0.1023038639476956,
			0.044774619036414984,
			0.09371105499657506,
			0.11004050536422866,
			0.0594228323240962,
			0.10732044495471459,
			0.06623331856190126,
			0.060588863714034914,
			0.04165714239872107,
			0.032238730587220675
		],
		[
			0.13098832497309942,
			0.04165565752601625,
			0.13416223282854584,
			0.012264407214501283,
			0.05242068200045316,
			0.11973865946102101,
			0.01699851370583998,
			0.032576861102733674,
			0.0864852581961511,
			0.11531979701871163,
			0.014501446062722148,
			0.0793527562552552,
			0.13117510104417116,
			0.032360302610778165
		],
		[
			0.06857967239228666,
			0.09403748137266842,
			0.08693600050959546,
			0.019077673685644475,
			0.11520376345026108,
			0.016512543293723942,
			0.03132662711930219,
			0.0401472220396738,
			0.10881909184739473,
			0.0997562747723603,
			0.013715271890667848,
			0.08378852316995661,
			0.1160851951988237,
			0.10601465925764095
		],
		[
			0.11747829745121552,
			0.025205828077416212,
			0.08200016238954166,
			0.14216453320994052,
			0.01779695008175848,
			0.03848767806435049,
			0.03882102433886923,
			0.01921109684541606,
			0.1427235134039746,
			0.1165677024904496,
			0.031669649802419576,
			0.07701344398737846,
			0.04662875364982144,
			0.10423136620744801
		],
		[
			0.09233935229160505,
			0.15620352729733275,
			0.08865752173138791,
			0.1530353293711882,
			0.059631322805965,
			0.1389531637036454,
			0.03492810045466895,
			0.007131073949106359,
			0.008340229107443553,
			0.012138451157116469,
			0.0042147411992348146,
			0.005139201878208763,
			0.1112310432812074,
			0.1280569417718893
		],
		[
			0.2114432905992813,
			0.14819882280877447,
			0.004721002821750816,
			0.2187752055343424,
			0.07084520672238097,
			0.008442564773478246,
			0.12237792337103552,
			0.0017224547853417975,
			0.08531498355543997,
			0.0008680413131104434,
			0.0007285151764351115,
			0.004415521384445713,
			0.12135181101022306,
			0.000794656143960295
		],
		[
			0.12621487531316192,
			0.1257476011573367,
			0.0129013949349406,
			0.11369538770542056,
			0.07375695039233494,
			0.019084883096652083,
			0.014722413868114603,
			0.10748010428573926,
			0.014820152391805052,
			0.10858360396419636,
			0.10546465925295674,
			0.09104011791099115,
			0.03509512481682249,
			0.05139273090952753
		],
		[
			0.01498260782233804,
			0.052871644950002884,
			0.06787603896701677,
			0.06799575741845729,
			0.10188017851443995,
			0.13771054496042642,
			0.043736285608135084,
			0.09546212074310854,
			0.06828523671051528,
			0.06612210827373895,
			0.09889539607837282,
			0.1017975913226254,
			0.05226863766145427,
			0.03011585096936849
		],
		[
			0.062099935895291745,
			0.07241437789231167,
			0.09746878550999599,
			0.08046759055082749,
			0.03974164576335133,
			0.03805518020102478,
			0.03219482926295037,
			0.0994955426866395,
			0.07541829680474986,
			0.08622679443040746,
			0.09822133867216705,
			0.06415239435256805,
			0.05418205696832586,
			0.09986123100938883
		],
		[
			0.07386728959537735,
			0.0611550901548911,
			0.09173286913942359,
			0.08811890646102405,
			0.11894575823150523,
			0.056898019403374946,
			0.11117413432909737,
			0.031095018217417888,
			0.019451149864333356,
			0.12197714476738666,
			0.062103505656809124,
			0.10842078142995067,
			0.020410445131305386,
			0.03464988761810331
		],
		[
			0.021919864111205136,
			0.059106509398056714,
			0.10722118165569028,
			0.023781352241005648,
			0.09812076353506477,
			0.11409303485904768,
			0.023097334798189387,
			0.03226537983499704,
			0.048744747441712456,
			0.04154560339310913,
			0.11016372495949381,
			0.13958025080163963,
			0.049964276923251026,
			0.13039597604753728
		],
		[
			0.06007346067456568,
			0.012685379201854273,
			0.014743263388177406,
			0.13629014992624236,
			0.026531615149457094,
			0.0797756945678175,
			0.01895226766626677,
			0.10564549618268357,
			0.042649128667182366,
			0.10217273280958716,
			0.1083527187375872,
			0.1214937940182219,
			0.06133099883205252,
			0.10930330017830427
		],
		[
			0.019776409529522167,
			0.06377949395106979,
			0.04321106324469966,
			0.01289998452740631,
			0.15463935322860928,
			0.09610322934963342,
			0.10663443846614938,
			0.06347370096202042,
			0.01930626205890751,
			0.029507371520762767,
			0.10921188505568845,
			0.12986099344671437,
			0.12856135726998127,
			0.02303445738883535
		],
		[
			0.07126689065561698,
			0.10335811423399288,
			0.11008380769780958,
			0.07689851016518306,
			0.1041768652995897,
			0.09943438864779881,
			0.04097794448500701,
			0.11053564824525743,
			0.01206704945465388,
			0.010173074474767866,
			0.07252788290573489,
			0.05010027437786407,
			0.056005579802480596,
			0.0823939695542432
		],
		[
			0.02229359804176853,
			0.017136571284721805,
			0.19094380008210088,
			0.025717003111573867,
			0.04724031556121556,
			0.05244122387179949,
			0.06289730091521144,
			0.07466411998741741,
			0.04892293447652585,
			0.2051671545638268,
			0.06470684461362088,
			0.05390435951784895,
			0.08792164351831434,
			0.04604313045405406
		],
		[
			0.04652796577839978,
			0.017343618143742592,
			0.02960408636660188,
			0.021951340641155764,
			0.09390797382371496,
			0.15708303079713637,
			0.08053052112781076,
			0.03566031457925179,
			0.15261561317605246,
			0.05094854405707866,
			0.09678339851150541,
			0.15923463143466027,
			0.018761619963910882,
			0.03904734159897843
		],
		[
			0.05619940556827769,
			0.08362523303473857,
			0.10495955448832778,
			0.04996735025191794,
			0.08631778704960953,
			0.07155425787980571,
			0.028740422475018294,
			0.029326860047379978,
			0.045897210994725386,
			0.04767859827846621,
			0.1053549084034053,
			0.08772867257822715,
			0.0958145431168007,
			0.10683519583329971
		],
		[
			0.12051852985680982,
			0.008033004863708594,
			0.036536097362009246,
			0.16363125172535295,
			0.07830186803792058,
			0.18022211538709423,
			0.1486754630275949,
			0.0017790269001859088,
			0.02957406189631215,
			0.09988938736253189,
			0.0699739223369526,
			0.0017797258909274423,
			0.005988338697408357,
			0.055097206655191425
		],
		[
			0.13581000175566968,
			0.033925109644453166,
			0.018081874270800415,
			0.10001684488112501,
			0.049215535895331224,
			0.09348307868745855,
			0.018704457309482652,
			0.02407915814615772,
			0.05871531682187463,
			0.09982063693202763,
			0.10045981212225798,
			0.02599077244547574,
			0.11571128416830678,
			0.12598611691957876
		],
		[
			0.09700953817072762,
			0.22021911002959624,
			0.002755751442705589,
			0.0006791767266106678,
			0.0005182110043115816,
			0.0035085503702556808,
			0.13997545176474774,
			0.027957551802379056,
			0.06302150839488882,
			0.0007835994739988422,
			0.028598184605723175,
			0.08718867404086775,
			0.24141399711763,
			0.0863706950555573
		],
		[
			0.20921790983384161,
			0.012225742303559765,
			0.014712368355802441,
			0.21188578424598536,
			0.035047241097709465,
			0.09414506532603491,
			0.22284587318355525,
			0.0007107394486832795,
			0.021738103332465813,
			0.002497819221621828,
			0.01040790356628444,
			0.001044397698787929,
			0.001678966118853767,
			0.16184208626681415
		],
		[
			0.07089075629463462,
			0.00175565358554063,
			0.014421480236229887,
			0.11512205407261442,
			0.0002901166262512074,
			0.21739059539601438,
			0.06113056395307014,
			0.0004104881951326172,
			0.005122545855312751,
			0.00409193783122879,
			0.0018862034431052779,
			0.010140780198726516,
			0.24053721397381972,
			0.256809610338319
		],
		[
			0.14622159066480342,
			0.03724236618089173,
			0.24387385166762074,
			0.002430313307666379,
			0.022892627391784232,
			0.03378681806119349,
			0.03309108625339669,
			0.003878711377622886,
			0.001778932250251568,
			0.29984796315081136,
			0.0944785123267707,
			0.002220970175750025,
			0.0015755157015425153,
			0.0766807414898942
		],
		[
			0.15017787725088622,
			0.023852966299015788,
			0.11165115131630252,
			0.12989927965427803,
			0.0429429816880399,
			0.17216356877397626,
			0.09054118390712404,
			0.0064402514781627595,
			0.008765830848422902,
			0.007425943467127293,
			0.0057102002021346175,
			0.002488936734373291,
			0.1180770301589798,
			0.12986279822117655
		],
		[
			0.11735203802408144,
			0.022901752899292048,
			0.027436093946019455,
			0.13345519999654604,
			0.04170106899513089,
			0.045353387854189506,
			0.10974445295761029,
			0.030561820713754764,
			0.1171286163437379,
			0.02622869965103045,
			0.01660255970177258,
			0.06923559156431366,
			0.13046238617539233,
			0.11183633117712868
		],
		[
			0.039161554568497056,
			0.28229404301862127,
			0.03683071402659182,
			0.011111672072132598,
			0.03241550830594357,
			0.02704295467548166,
			0.24781752309995816,
			0.007653296594801676,
			0.06616806989070119,
			0.151146716488279,
			0.0022128392405651137,
			0.003920808935179301,
			0.010838176716530762,
			0.08138612236671672
		],
		[
			0.07333933266868722,
			0.13273138232135337,
			0.1328710007205606,
			0.0403929104560767,
			0.07529050082595504,
			0.129337048127972,
			0.1292604611533773,
			0.1313850820716632,
			0.027603520872054005,
			0.037315431965185226,
			0.012299304972110943,
			0.0461867777425766,
			0.016466656055424772,
			0.015520590047003052
		],
		[
			0.04635380137409185,
			0.02819371325066259,
			0.1300072903733684,
			0.014913983284193655,
			0.1286521263704654,
			0.03212675852953273,
			0.13214887908025916,
			0.07315105654608636,
			0.11794912090744532,
			0.08710072911316724,
			0.11826212726682742,
			0.015466350390726273,
			0.02154288717333881,
			0.05413117633983497
		],
		[
			0.11746367132064496,
			0.03575848623949471,
			0.11006901668467854,
			0.04784644465151495,
			0.04404262055286517,
			0.01116827246690949,
			0.11937101880426228,
			0.12167274469956826,
			0.08289141513236818,
			0.011673057130736913,
			0.09029198696929212,
			0.033093344992237976,
			0.07483971984162156,
			0.0998182005138049
		],
		[
			0.12196695338667418,
			0.09005441623594972,
			0.12546236074707146,
			0.11487000422900752,
			0.05126413279562766,
			0.012537684666844646,
			0.12307319142319205,
			0.005505942115164271,
			0.01117677379942674,
			0.1725490425210549,
			0.050996744980249586,
			0.00383421613814433,
			0.01359965730258627,
			0.1031088796590068
		],
		[
			0.015280238817557709,
			0.10246215433442835,
			0.08320912530804836,
			0.10384687066962145,
			0.1059134732661609,
			0.010699611246915956,
			0.06478333891021439,
			0.07009727625520612,
			0.08277156488939585,
			0.046595915253492756,
			0.10389218778465573,
			0.020259175156876114,
			0.10515141961847319,
			0.08503764848895308
		],
		[
			0.011823083502755386,
			0.013223240449855374,
			0.02249494568975246,
			0.08413179848841246,
			0.07323693398623361,
			0.13885998606759486,
			0.12043047990687661,
			0.018540137654842664,
			0.05806039245989162,
			0.13158435372418503,
			0.03411010435872712,
			0.0698027033756889,
			0.13555050740581706,
			0.0881513329293667
		],
		[
			0.13317211839056836,
			0.0034605469409931294,
			0.026733503609372416,
			0.19340262542335138,
			0.05179320617777322,
			0.1182626732693418,
			0.1771593413298258,
			0.0024411022941097597,
			0.014187966137045142,
			0.12860110517600445,
			0.0025990099089661565,
			0.047843236822500905,
			0.007348855458167986,
			0.09299470906197946
		],
		[
			0.08491718070971656,
			0.09251734707283076,
			0.020273952081015355,
			0.01991239835700143,
			0.041972258937530815,
			0.16811121509766522,
			0.1478652270179792,
			0.03450341262766131,
			0.037029350174704156,
			0.03375754202374882,
			0.06019714438277448,
			0.17758183591747068,
			0.05287475154041762,
			0.028486384059483633
		],
		[
			0.015344435290968683,
			0.08834382014493133,
			0.11104780559516492,
			0.09488137339322084,
			0.04738511103317727,
			0.1063462491778059,
			0.08380093364228335,
			0.05605406360709862,
			0.05597861177901157,
			0.10407347419494678,
			0.03458581639481072,
			0.13476485008995728,
			0.03272882585607405,
			0.03466462980054864
		]
	],
	"weights_mean": [
		0.08617423136254403,
		0.07590324744168438,
		0.07428275051709393,
		0.07964551845962523,
		0.06938406768927444,
		0.0875216133828586,
		0.08806176279586012,
		0.048367300011193375,
		0.05842065937859197,
		0.0791623931031216,
		0.05952605916730775,
		0.0593651208592116,
		0.06330437373571898,
		0.07088090209591401
	],
	"weights_std": [
		0.05476916030923147,
		0.05474335712820159,
		0.05370886592220815,
		0.05647598995069891,
		0.04020569198963003,
		0.05670422409537596,
		0.054951089355954996,
		0.04783406721456334,
		0.04213574211406637,
		0.05966348785665826,
		0.04436258324576866,
		0.048410937662302866,
		0.0564581441698873,
		0.04383424379751436
	]
}
