{
	"training_mean": 0.26191672613101186,
	"training_std": 0.07108431531843357,
	"training_se": 0.007108431531843357,
	"test_mean": 0.19596458087367177,
	"test_std": 0.130724635672759,
	"test_se": 0.0130724635672759,
	"metric_names": [
		"width",
		"depth",
		"multi_qubit_gate_depth",
		"total_number_of_operations",
		"number_of_single_qubit_gates",
		"number_of_multi_qubit_gates",
		"number_of_measurement_operations",
		"single_qubit_gate_error",
		"multi_qubit_gate_error",
		"single_qubit_gate_time",
		"multi_qubit_gate_time",
		"readout_error",
		"t1",
		"t2"
	],
	"normalized_weights": [
		[
			0.154090249154203,
			0.15821426045331752,
			0.0576078841543461,
			0.15990586582245894,
			0.09154915471769007,
			0.00517294953136226,
			0.16026513019936156,
			6.422258180120301e-05,
			0.06912346474954073,
			0.0025630703214777426,
			0.0004521641393921927,
			0.041359071041492494,
			0.09869254526013761,
			0.0009399678734183554
		],
		[
			0.12103170679208124,
			0.18391462222803012,
			0.0026309041467896203,
			0.1828462981686429,
			0.01964097724563142,
			0.18387878144110298,
			0.017904387269292214,
			0.008792637640252112,
			0.08883072943795209,
			0.0028919427329995536,
			0.003987815210810136,
			1.4132971901285657e-05,
			0.1831596582775797,
			0.00047540643693469973
		],
		[
			0.09029765484852274,
			0.09085533147352953,
			0.12269824185311483,
			0.12246476997975765,
			0.00031369354180571854,
			5.621668508183285e-05,
			0.10878609072573453,
			0.0014494936294119562,
			0.10956979384167163,
			0.0013344598881221523,
			0.0003645873450097977,
			0.1067789479865166,
			0.12269284216736304,
			0.1223378760343579
		],
		[
			8.745310176493238e-06,
			0.1624492940411112,
			0.10480731440767312,
			0.16403853706485608,
			0.08864214951089623,
			0.15422549282332826,
			0.08914694733063895,
			0.00044161210188418037,
			0.062317727049639754,
			0.16404045661223396,
			1.3878979682986287e-05,
			0.0050928114039422625,
			0.004775032147613532,
			1.216322969577918e-09
		],
		[
			0.11632456892519168,
			0.11681218554430402,
			0.09644253288974033,
			0.11680288529245843,
			0.05522046473101106,
			0.08598201964455959,
			0.11670104536152107,
			0.0062916652076627794,
			0.11630620446575048,
			0.0336720767450897,
			0.00507290474378814,
			0.0066702793147188485,
			0.11648307945907575,
			0.01121808767512835
		],
		[
			0.1714502139450722,
			0.10231493670519504,
			0.01395433798189235,
			0.1123294881489608,
			0.04672142008953251,
			0.16870365123187403,
			0.1706664927836133,
			0.0017505148015314145,
			0.05681049289146199,
			0.0022535246559997235,
			0.0017523946655333053,
			0.0021601002682332796,
			0.14568935649261108,
			0.0034430753384890244
		],
		[
			0.13036474009584054,
			0.0063394170278684514,
			0.1312506443151673,
			0.1310828492474206,
			0.06349547982191658,
			0.13140516624377366,
			0.08761074521153153,
			5.7029554941306774e-05,
			0.0013287551144190405,
			0.13140957794506022,
			0.05363082885986629,
			0.0002056770426838918,
			0.00040894964446547825,
			0.131410139875045
		],
		[
			0.10463364122315429,
			0.10463369313358703,
			0.1045918215419537,
			0.10454846394961845,
			0.061389594200634875,
			0.10463348982212328,
			0.10461219653564346,
			2.279673248245065e-06,
			0.0007425330118602092,
			0.1046271155669488,
			0.10080504660146318,
			0.00015200826847507594,
			3.9659030529051e-07,
			0.1046277198809839
		],
		[
			0.11267051964778352,
			0.00030168882868733575,
			0.15954730537003517,
			0.15954817640091534,
			0.05715392515076064,
			0.15954675297445656,
			0.15954799752722096,
			4.1987805645239374e-05,
			0.00037194475721446054,
			0.0014967919042104282,
			0.03014553150816307,
			1.0963700086278198e-07,
			9.981896298770493e-05,
			0.15952744952491865
		],
		[
			0.1665741547239319,
			0.17175804579080095,
			0.17175952221481475,
			0.17175992823756495,
			3.830843076205963e-05,
			0.0014478914828424622,
			0.11178042660857396,
			0.0007977187721385928,
			0.05497695045773201,
			0.00035532850829924115,
			0.0006909272184516707,
			0.0014362159747356514,
			0.14536202485938812,
			0.0012625567199636548
		],
		[
			0.1392018434279994,
			0.09877717899308494,
			0.1393296540961959,
			0.0012765239683572881,
			0.06056684432456179,
			0.13947331902237284,
			0.13921389784206986,
			0.0003946473405986733,
			0.018122540877856926,
			0.13946558091032898,
			0.052775183456537964,
			0.0001209775741647367,
			5.0129111767686364e-06,
			0.07127679525469387
		],
		[
			0.08584731503958075,
			0.1170091373818767,
			0.08714355827167647,
			0.11703080311081095,
			0.09277703136741272,
			0.11626863091737495,
			0.09028159119729351,
			0.0003801788268062218,
			0.0004764619674070118,
			0.11677223723191595,
			0.11704802006316503,
			0.0003983187512637063,
			0.0007056510785811713,
			0.05786106479483492
		],
		[
			0.0642433829396042,
			0.1058807362118945,
			0.0741508123456539,
			0.07210159118627539,
			0.10324498216152973,
			0.1017911367543767,
			0.10658623354737799,
			0.017994733798713768,
			0.027673155444727898,
			0.0982236086366712,
			0.10615498410777656,
			0.05293616250392819,
			0.027231252460631804,
			0.04178722790083817
		],
		[
			0.1379357951224252,
			0.10966169818834456,
			0.0963938430130628,
			0.00657232149231723,
			0.042154219903278965,
			0.14022399289652215,
			0.1380174953368905,
			0.0024094435604196506,
			0.033511691091954954,
			0.14218793522612644,
			0.0017101350060222949,
			0.05166933655966847,
			0.004006932583775606,
			0.09354516001919094
		],
		[
			0.10227081576676932,
			0.10620198667947099,
			0.10710835316539631,
			0.10521767785265936,
			0.09698615612400048,
			0.09489687279225698,
			0.08715236666315447,
			0.09918700963682846,
			0.01403028368923257,
			0.10737086711796616,
			0.00990084781508318,
			0.04666797712448717,
			0.014940953745415906,
			0.008067831827278455
		],
		[
			0.08463028210459096,
			0.1346321168916259,
			0.008631165772638569,
			0.15843340900618486,
			0.05388067801673429,
			0.14566299615001357,
			0.15452099742543934,
			0.00035530637575902335,
			0.002649022541205949,
			0.0001215507258082923,
			0.001486311347060878,
			0.0011850157625579803,
			0.09534739864874771,
			0.1584637492316326
		],
		[
			0.1267652623828879,
			0.0757790936107272,
			0.12648281817986642,
			0.12674519485818897,
			0.07429226819850455,
			0.12678068197796574,
			0.12657971842509724,
			2.3436728924647378e-05,
			0.00017336312054893357,
			0.1266155929844049,
			0.0010899277526665117,
			0.0017074840649268504,
			0.08694886589586018,
			1.6291819429900704e-05
		],
		[
			0.13947358532795315,
			0.13933345891632032,
			0.06778104124955457,
			0.14011576043899054,
			0.009237581348837233,
			0.12296702699883495,
			0.1051025669026367,
			0.014096173581478997,
			0.004466830831760602,
			0.13950614332237257,
			0.05931254556267967,
			0.0043976745717632555,
			0.050921805474865835,
			0.003287805471951507
		],
		[
			0.005793034774208826,
			0.15477518947336188,
			0.17189020685198295,
			0.172867996987041,
			0.0005690165172629082,
			0.018372578642551384,
			0.015520906790821451,
			0.030477097867349007,
			0.0005126657058747329,
			0.17102502148584336,
			0.026398215754226063,
			0.012090331209560141,
			0.09154582202653722,
			0.1281619159133791
		],
		[
			0.00536997087184813,
			0.13417822670861163,
			0.10978113537528349,
			0.07178956333602173,
			0.04923800769302775,
			0.13677040405444832,
			0.10745775060675669,
			0.002299997481754163,
			0.005012000369036372,
			0.12899679414876325,
			0.04252622093836048,
			0.07067648236840174,
			0.006036008838583407,
			0.1298674372091027
		],
		[
			0.05757148426792697,
			0.054357731406847166,
			0.06254515417530426,
			0.003321924309435851,
			0.0004891884545692673,
			0.16940082654761962,
			0.13151536616666154,
			0.0034041999144719835,
			0.169301801838181,
			0.0008833090259949555,
			0.0017841667140160056,
			0.06635216985558885,
			0.16954725417664943,
			0.10952542314673319
		],
		[
			0.05912814358292808,
			0.1747683006273136,
			0.00281592527678234,
			0.17477573627595605,
			0.1747756851422337,
			0.12153064955327515,
			0.13797271517479687,
			0.0001323908195369714,
			0.14467944382546422,
			8.468110778315927e-06,
			0.0002444051606088766,
			0.008813317912248183,
			0.0001865419939006925,
			0.0001682765441770482
		],
		[
			0.07592045604851178,
			0.13228968529774895,
			0.15136966238862723,
			0.15109466469237515,
			0.042244699508392526,
			0.04126201460927094,
			0.019248969862785407,
			0.014746410044078164,
			0.0006846200764667777,
			0.14852004298356963,
			0.10565944519366152,
			0.009766379984420554,
			0.0130448165615069,
			0.09414813274858469
		],
		[
			0.11949334788078204,
			0.06665709861617432,
			0.12496751724838204,
			0.09361390041551658,
			0.04181683217071431,
			0.08124837143778477,
			0.11241183334387432,
			4.425609415729973e-06,
			0.061588236820224254,
			0.12495425778800835,
			0.01100113231693489,
			0.02263606418894,
			0.07748133835096034,
			0.06212564381228809
		],
		[
			0.134061330742072,
			0.13734496040098565,
			0.11791795610231551,
			0.20356858482097714,
			0.02108500992399291,
			0.0083632269865906,
			0.05241834513209251,
			0.00011821791206269425,
			0.1080047066657217,
			0.0010747370334723348,
			0.008738794922728456,
			0.0009062198420139929,
			0.20364430012279414,
			0.002753609392180442
		],
		[
			0.08875435670574089,
			0.14289389970857935,
			0.14412761328942067,
			0.14418628235863895,
			0.06857855341705733,
			0.07845799160244875,
			0.018136738500774637,
			0.002928233054001966,
			0.0699163123434959,
			0.1264015635572129,
			0.03742990632653189,
			0.0011111630386283072,
			0.0015871503792482357,
			0.07549023571822022
		],
		[
			0.11210614680930962,
			0.11333770770233051,
			0.11327646428099465,
			0.11286221614667304,
			0.1132143189663094,
			0.003596188941342897,
			0.1099273030318426,
			0.004939515593524212,
			0.05914326934222195,
			0.1121842855330547,
			0.012045995592710941,
			0.0035701243006971187,
			0.07736111877760873,
			0.0524353449813797
		],
		[
			0.025916214026253624,
			0.0032749896869266543,
			0.1830093664082006,
			0.182939083226455,
			0.0911532392824777,
			0.14098020873687991,
			0.01340809042224723,
			8.255660601595122e-05,
			0.0002741528067196852,
			0.1828089288628795,
			0.06415596437193868,
			4.769214937091749e-05,
			0.0003262835816968467,
			0.11162322983193759
		],
		[
			0.12790458177627223,
			0.12991359475754727,
			0.13156927122275805,
			0.1184883720065528,
			0.058711153990699816,
			0.013228356661301687,
			0.09831708668366919,
			0.011074664923319882,
			0.05827816662709636,
			0.13142881358184372,
			0.003729926874224764,
			0.01833065885734221,
			0.002062179111476243,
			0.09696317292589567
		],
		[
			0.09133312616426872,
			0.2091291590406001,
			0.18029513337533343,
			0.009185465203178807,
			0.02518008025889128,
			0.010407519004903961,
			0.030076330444311933,
			0.0009685697409637465,
			0.003929042951203882,
			0.20961804819810823,
			0.08294356399585369,
			0.00024881853583262446,
			0.0004936825899826406,
			0.1461914604965669
		],
		[
			0.11636730208268832,
			0.14831202929058682,
			0.14799937249877032,
			0.0043295603932728445,
			0.03922766021717675,
			0.14838096093710706,
			0.14231616222694177,
			0.001989989602078532,
			0.0026639378410005026,
			0.0013245634430427496,
			0.0014229981408474836,
			0.0010790926375118218,
			0.0961145541273639,
			0.14847181656161104
		],
		[
			0.07018905262819872,
			0.11252111970499562,
			0.11267602853595464,
			0.11245562769199355,
			0.06507426882276957,
			0.1124847993426186,
			0.08690934377681239,
			0.0005524362954046518,
			0.036104155780712265,
			0.11260269677756052,
			0.07343986365358866,
			0.00043710470555654316,
			0.0008416072793117709,
			0.10371189500452253
		],
		[
			0.12604086650972043,
			0.12631368576192983,
			0.08490917839019851,
			0.1263460045234793,
			0.08480013832630207,
			0.1262773860746617,
			0.09900785889671374,
			5.309513466086963e-05,
			0.11189063034885637,
			0.015351744686132792,
			2.353479366134319e-05,
			0.07430904207469222,
			0.003010730116612521,
			0.02166610436237818
		],
		[
			0.12241739252778366,
			0.018355411313897358,
			0.12712383708085837,
			0.12563419327197475,
			0.04923212105868149,
			0.1262829316644727,
			0.12237562795443997,
			7.832640002531442e-05,
			0.04907095913663558,
			0.003825820281273905,
			0.0008836481099723305,
			0.12712501051958236,
			0.10032009681841732,
			0.027274623861984933
		],
		[
			0.140868635980659,
			0.14332194289029604,
			0.14126224696043432,
			0.02441623625206818,
			0.04156036283668793,
			0.14331984206487655,
			0.015843482736204912,
			0.07640716573595936,
			0.0003520152561909023,
			0.14318916263231127,
			0.040773149679282555,
			0.08660376894552889,
			0.0003835762706670135,
			0.0016984117588331265
		],
		[
			0.10766532956917695,
			0.1599915357970093,
			0.15998381680097742,
			0.017915862588329633,
			4.162382271988041e-07,
			0.15998136467111074,
			0.06361117913968277,
			0.006304291847689029,
			0.15997759294851388,
			7.835500223988493e-06,
			0.004301406290202608,
			0.00029572469316919845,
			0.159963614222542,
			2.9693145300684563e-08
		],
		[
			0.04878064337419815,
			0.0022962076954843743,
			0.14745881585509166,
			0.05802506479057182,
			0.00021167003292104996,
			0.04081210214910667,
			0.14076175182553338,
			0.003105925516311683,
			0.10689340186803345,
			0.009354311736402105,
			0.0005246803324266765,
			0.14741475938099857,
			0.14723475514529838,
			0.147125910297622
		],
		[
			0.11500355432291726,
			0.11325682301909212,
			0.09547825169177745,
			0.1019217207539865,
			0.09835471409911277,
			0.10461154616456893,
			0.1134401217745495,
			0.04023293112252611,
			0.015298265794706726,
			0.1062153642248432,
			0.05000366215977873,
			0.025309720440202445,
			0.008597220057030478,
			0.012276104374907853
		],
		[
			0.09896081038017628,
			0.13708760377880236,
			0.10341140690437589,
			0.0002206239565576178,
			0.00024215081689371327,
			0.1370775126796276,
			0.0028756536523399266,
			0.0008355351959674598,
			0.1110503948553976,
			4.5751431693847975e-07,
			0.0013918760929833556,
			0.13708544231983855,
			0.13708186913276632,
			0.13267866271995649
		],
		[
			0.15465743262912945,
			0.15594331025315156,
			0.1507874136714852,
			0.1519917753217168,
			0.001971015459977158,
			0.01920843542327827,
			0.1253588863258968,
			0.04040827605332364,
			0.012084536658966576,
			0.15310156416315876,
			0.000886085076280035,
			0.014705807201791156,
			0.006133416295699649,
			0.012762045466144963
		],
		[
			0.1419386640839523,
			0.18671057673599833,
			6.558995976236294e-06,
			0.1864164185188419,
			0.07161728628588782,
			0.03525397681569296,
			0.15016787514050972,
			1.834552595319764e-05,
			0.09763192425710675,
			0.002015546647034237,
			0.0019901674620452776,
			0.002896885318110995,
			0.12333461046849355,
			1.1637443966536565e-06
		],
		[
			0.16072938061667194,
			0.16098403872286132,
			0.008468349042285462,
			0.16093470977912486,
			0.1582533845840038,
			0.12125198985993516,
			0.017188073184550602,
			3.974790982605992e-05,
			0.10302331907571888,
			8.42144494820375e-06,
			0.001142583984679922,
			0.0005093708565149571,
			0.10738677107206004,
			7.98598668189488e-05
		],
		[
			0.11893106552135323,
			0.11895273781045985,
			0.11877535103568972,
			0.11845663442368942,
			0.11448316491143624,
			0.01249797009999585,
			0.11434527861558764,
			0.0024167941090214367,
			0.0703567472525212,
			0.07777048295048099,
			0.06469905827434633,
			0.0015000630760186014,
			0.004550084839779932,
			0.06226456707961954
		],
		[
			0.04345415169542888,
			0.14136265638471476,
			0.08854221702237382,
			0.09164563021391399,
			0.002045167107647211,
			0.023814303504391558,
			0.14193285601623695,
			0.0037914964953535907,
			0.14193683242098867,
			0.012146789429318476,
			0.011133943501643033,
			0.015350753813019502,
			0.14191762403998046,
			0.14092557835498906
		],
		[
			0.1423775797901815,
			0.020604392923682012,
			0.14110960480161108,
			0.1425851861998576,
			0.06772045329674652,
			0.14260051674200172,
			0.12692350644840747,
			0.0011004607170727646,
			0.12441684705796019,
			2.7836022328779704e-05,
			0.0006723248290642285,
			0.0012856713863844743,
			0.08839993815207252,
			0.0001756816326290004
		],
		[
			0.0002709284697040189,
			0.15552664714629053,
			0.15650068861625488,
			0.011697770696128835,
			0.08740027997493233,
			0.15645587634288596,
			0.05552176505667022,
			0.0005792879824168732,
			0.03305879762612976,
			0.15642955371762615,
			0.09622421311779654,
			0.00019147934575302358,
			0.0005296742431559554,
			0.08961303766425478
		],
		[
			0.14437738640740289,
			0.18839501713142365,
			0.007071002096564637,
			0.19851641922169116,
			0.07575356534505345,
			0.05576919464583653,
			0.18324128399817008,
			1.4568040308791119e-05,
			4.2217203329716405e-05,
			0.0017099373738413064,
			0.0007615116582259577,
			0.001166512593711353,
			0.1380672637294802,
			0.005114120554960245
		],
		[
			0.14933488333985837,
			0.1498043249710923,
			0.14982139094718128,
			0.14982132560958944,
			0.14981265987762243,
			0.015330037160228547,
			0.08335040009497095,
			0.00014022945938178127,
			0.00032120714261788484,
			0.0013500627599692405,
			0.028289589766599888,
			4.798320443909642e-06,
			0.00026540264083469784,
			0.12235368790960932
		],
		[
			0.054247143618440415,
			0.13876719465533557,
			0.13735321656315233,
			0.1361381722080048,
			0.04448263469076762,
			0.040575446794914566,
			0.007348946852553109,
			0.00922462687482204,
			0.06619323468670472,
			0.13710440103029406,
			0.050121766917294634,
			0.06562166436877453,
			0.026303640708711877,
			0.08651791003022974
		],
		[
			0.08843727086046926,
			0.1210883423526559,
			0.1209886927033905,
			0.1210885267910586,
			0.12108831588569555,
			0.12108819501680775,
			0.014564578542532772,
			0.000923523294633189,
			0.05842031375862462,
			0.12108696845490176,
			0.10887579312577841,
			7.088876888484216e-05,
			0.002214641326391934,
			6.394911817479639e-05
		],
		[
			0.10582435872128075,
			0.12989995637431312,
			0.12982635136023715,
			0.12994015407229081,
			0.12993689351031731,
			0.0016326943741505522,
			0.04392796227310035,
			3.9118961826592175e-06,
			0.051588337623047355,
			0.12791127474822814,
			0.07136557039419689,
			1.3289536631292154e-05,
			0.0009017890478565489,
			0.0772274560681669
		],
		[
			0.188216822676587,
			0.1834644773197081,
			0.0019091303750977575,
			0.005330449899526233,
			0.0010817232172491474,
			0.006259905595764007,
			0.18888767962758635,
			0.003676286835377851,
			0.054843707916473354,
			0.003631930723244037,
			0.003824362846792528,
			0.09136439771136265,
			0.18863698901248419,
			0.07887213624274693
		],
		[
			0.1672185275496704,
			0.004949139845081885,
			0.16839986500483076,
			0.16841205246337143,
			0.06154027405736209,
			0.1684101317781284,
			0.014292544051252392,
			1.381387227603309e-05,
			0.07427635068959362,
			3.9029101665997725e-05,
			2.484296826419331e-06,
			0.0014078519971663858,
			0.16841222770859887,
			0.0026257075841753107
		],
		[
			0.08816530340925532,
			0.1323380160808362,
			0.13220817872952167,
			0.0028747034617047614,
			0.0983265636712728,
			0.1310602488175266,
			0.12798969729876572,
			0.001917452412461852,
			0.056510397423984365,
			0.10420460736505271,
			0.0647996056502023,
			0.0011936953602982847,
			0.004040684122978469,
			0.05437084619613892
		],
		[
			0.06436446521348735,
			0.2033259234736721,
			0.19500422055092104,
			0.19586401880632393,
			0.005956726207425855,
			0.0193708431839939,
			0.09626028945326773,
			0.0004979766643701918,
			0.025431596458188332,
			0.06694318205949183,
			0.10721392336708888,
			0.002801073834032872,
			0.006643875784914866,
			0.010321884942821177
		],
		[
			0.10384245658587726,
			0.10384452837702995,
			0.10360604825095139,
			0.1026800990003101,
			0.10383738931211982,
			0.10291367229676521,
			0.09889589284382728,
			0.001031400559441872,
			0.013251949370851255,
			0.10384432421521363,
			9.180744170488791e-06,
			0.00022457770296828463,
			0.07180225022138283,
			0.09021623051909063
		],
		[
			0.1313177647332075,
			0.13907809491499432,
			0.11236019316980776,
			0.003027050678155524,
			0.02788754593866658,
			0.13914572595154306,
			0.13805319024914187,
			0.0008042769680776468,
			0.0016432943833661953,
			0.1391521883236155,
			0.07834640759056281,
			0.0007434250879860446,
			0.0011029793651105464,
			0.08733786264576474
		],
		[
			0.08820228695195924,
			0.1835429131504406,
			0.008030278586004845,
			0.19527284954915633,
			0.08238626391984644,
			0.07673657776408153,
			0.0600647640752965,
			0.0017404111268703748,
			0.1201292967190299,
			0.0057854197505046185,
			0.001464214564467958,
			0.10339246537177203,
			0.07239607582233429,
			0.0008561826482353931
		],
		[
			0.14182581521961804,
			0.0016286767106935777,
			0.14273573133199402,
			0.14327095380864904,
			0.1195553712560032,
			0.04458368655626106,
			0.14283610713447714,
			0.0005784184386007233,
			0.01959714149985888,
			0.14325597695974435,
			0.03616297636044715,
			0.0006232603494511395,
			0.0012705117842176307,
			0.06207537258998398
		],
		[
			0.00023658804722537715,
			0.1506409665802447,
			0.15066749423486978,
			0.08197785832253814,
			0.08710509712260923,
			0.1504509589527685,
			0.1159200536053264,
			0.035497455737387905,
			1.46518807083965e-05,
			0.14321881099656386,
			0.08414140535939932,
			1.0105421047573214e-07,
			2.749908358125496e-06,
			0.00012580819778957702
		],
		[
			0.12178523471590443,
			0.12047847121687065,
			0.11969185988888584,
			0.12125766631013125,
			0.1202445083525176,
			0.12180357003470327,
			0.09339984560932676,
			9.420789817471951e-07,
			0.029719181775444508,
			0.00023776806497775188,
			0.1217436725347799,
			0.000546127680785923,
			0.0005255587404063601,
			0.028565592996283983
		],
		[
			0.12254275907699433,
			0.1278053168271451,
			0.12776198381210815,
			0.11010883241507503,
			0.07554391185076177,
			0.03887154746554746,
			0.0909016025161008,
			0.007577998140383034,
			0.06677047280855333,
			0.12426412968044258,
			0.09449485175853567,
			0.011108525223814723,
			5.450233135916963e-05,
			0.0021935660931788584
		],
		[
			0.10668601113093178,
			0.10235041352937546,
			0.10454673883084285,
			0.10708296706131985,
			0.07942347687470168,
			0.08273800578009138,
			0.03689802258304529,
			0.024826943245026066,
			0.0010225181767405094,
			0.1046659366665167,
			0.10705678955900333,
			0.034918879779975306,
			0.045422958274507146,
			0.06236033850792272
		],
		[
			0.07320077388291671,
			0.17206396917607708,
			0.1209176960379693,
			0.1722500335751904,
			0.06747478167431277,
			0.06576385814041219,
			0.05103191748059858,
			0.0015480592508206122,
			0.11539737937994993,
			0.0029275991815254643,
			0.0036993494680780804,
			0.0019814915640342322,
			0.14540669717781152,
			0.006336394010303185
		],
		[
			0.15588567456040772,
			0.15642660016110108,
			0.11202899132956358,
			0.03368388025706474,
			0.1107917918861236,
			0.029354672433313682,
			0.09315566106586312,
			0.004712524781817405,
			0.06545957990983534,
			0.15603679081441849,
			0.002430446274485599,
			0.0021963262768330927,
			0.07302983302377651,
			0.004807227225396225
		],
		[
			0.14952222500540505,
			0.11501103957280262,
			0.154359952511718,
			0.0008161200414521117,
			0.06418691367678511,
			0.1536378452651234,
			0.13675329341688616,
			1.135292190448112e-05,
			1.8514512464344735e-05,
			0.0006926466651775715,
			0.07847273742210956,
			0.0003169647046848232,
			0.0007838948639074523,
			0.14541649941957924
		],
		[
			0.13397257257676895,
			0.13387706888682827,
			0.08610351052895295,
			0.13399503127019166,
			0.009111812007386864,
			0.10309433140888369,
			0.133918088025919,
			0.0013451344577648488,
			0.02828139090869542,
			0.1339946742686846,
			0.03301746284825528,
			5.093578811859786e-07,
			0.009924533306462733,
			0.059363880147324646
		],
		[
			0.1409637669544385,
			0.14097008447172948,
			0.13899256781284158,
			0.0018812873602879658,
			0.12991282227946366,
			0.1407372709591901,
			0.06438267412339813,
			0.0004992415952679802,
			0.060965629944200746,
			0.1409330319113522,
			0.0007838346020868611,
			0.02573411475216478,
			0.013236729862056826,
			6.943371521311912e-06
		],
		[
			0.11731117805986933,
			0.11898023455924342,
			0.11897963885253526,
			0.11894036747738893,
			0.10636584717734371,
			0.0008268354248577109,
			0.11886685984026248,
			0.0011496871525076072,
			0.04667216266945931,
			0.11245892454276298,
			0.0020875806086905566,
			0.05834608650198905,
			0.00024862678487701516,
			0.07876597034821252
		],
		[
			0.05370793746417367,
			0.11290613615139798,
			0.1199116011309087,
			0.09659761670960197,
			0.07237045385053947,
			0.013839025406736562,
			0.1193590212572249,
			0.10017280770142875,
			0.03405496115110091,
			0.07440466454221675,
			0.02389749489908207,
			0.08206560033693282,
			0.03021086491585541,
			0.06650181448280017
		],
		[
			0.1391847884212272,
			0.1391883079512616,
			0.13917131071156993,
			0.13918757656167596,
			0.03618981164312827,
			1.3515480895489283e-06,
			0.13918827211398885,
			1.397565819275027e-07,
			0.11520845493836457,
			0.004363757777819653,
			0.006056337261257462,
			0.0011381158799419248,
			0.13897365958259505,
			0.0021481158524981466
		],
		[
			0.14497255669015593,
			0.1452384832535698,
			0.14531877577978072,
			0.1454212262316849,
			0.05362934882988205,
			0.05391148742188141,
			0.05113488541039358,
			0.0001952392432651512,
			0.022093047188283328,
			0.144999585688085,
			0.003469341948524135,
			0.0004640809053708527,
			0.003491373162024058,
			0.08566056824709926
		],
		[
			0.1206700974045957,
			0.12068484811075515,
			0.12062546420454949,
			0.12005239563412823,
			0.0826726138690675,
			0.11758116511552788,
			0.01758501963548244,
			0.0004005593357071127,
			0.052976469099216675,
			0.11992966871938303,
			0.05207748376754268,
			0.00023481938352847993,
			1.238912382834799e-05,
			0.07449700659668723
		],
		[
			0.1332847146726585,
			0.13328953404851632,
			0.014566492960404675,
			0.13329387488572536,
			0.0628567041432969,
			0.08135159373820863,
			0.11658795840131611,
			0.0003581461869118994,
			0.06068236896140484,
			0.13328773360172172,
			0.050584362103800955,
			0.0003816115192040035,
			0.00018107080209729006,
			0.07929383397473273
		],
		[
			0.14230376515631046,
			0.144978320847588,
			0.1449169133919779,
			0.004758588450062264,
			0.038539666801899,
			0.14495737872866638,
			0.1312071675393153,
			0.001363057401789061,
			0.0007735746542933237,
			0.0018572536852463845,
			0.0011593473965881148,
			8.330749890646485e-05,
			0.1369093735669819,
			0.10619228488037534
		],
		[
			0.09165044247817059,
			0.13846876989793783,
			0.04376375042687078,
			0.14057444459617469,
			0.01313803491594677,
			0.13423476132507803,
			0.1352484479323425,
			0.007387795273023928,
			0.003742838813392538,
			0.1404436080607533,
			0.022967499194304946,
			0.006711576547394829,
			0.05877627026973043,
			0.06289176026887883
		],
		[
			0.12026335498124953,
			0.12167834574537434,
			0.12041219320164744,
			0.12168296131333015,
			0.09726590210007158,
			0.008473913626040892,
			0.1148360252716383,
			0.004721281149644403,
			0.043772862076375256,
			0.12154769936710766,
			0.0011783295626132618,
			0.0011966427684196718,
			0.05537387758269679,
			0.06759661125379074
		],
		[
			0.11804108610082834,
			0.003044628644395616,
			0.13987114448272053,
			0.13990804077886373,
			0.08771231758334559,
			0.13991381525626426,
			0.12355288145645313,
			2.536974933868069e-07,
			0.04716459780481514,
			0.0017111964110675458,
			3.40004645723681e-08,
			0.00042465400986573714,
			0.13993545376600366,
			0.05871989600741875
		],
		[
			0.0052946089057902155,
			0.14885222847456864,
			0.10184110070452017,
			0.14978198823018682,
			0.0012323759633503248,
			0.1430904652490699,
			0.02683025949870098,
			0.002624802781419967,
			0.10459530409972205,
			0.031306202260683286,
			0.006288951976826171,
			0.1497782324150313,
			0.10421807660292051,
			0.024265402837209456
		],
		[
			0.12244981063749806,
			0.12495983398766713,
			0.09250507861025131,
			0.0924108305661289,
			0.0068574049610140774,
			0.005620183958114307,
			0.02808470046414416,
			0.01958603204990876,
			0.12420198065665229,
			0.035670317051867226,
			0.08771803792045986,
			0.12495224364996235,
			0.1223129392015623,
			0.012670606284769126
		],
		[
			0.10856616158373913,
			0.1204066813707884,
			0.05601463938012234,
			0.031716804991726036,
			0.0027851162976332655,
			0.18633413794686676,
			0.01868212330957408,
			0.0019177350562771798,
			0.18631925851282344,
			0.044706667183194645,
			0.07157588403138006,
			0.15076133761509708,
			0.017106335879183383,
			0.003107116841594351
		],
		[
			0.08184294571450708,
			0.0011666346386551198,
			0.15894221435293718,
			0.0848492189643572,
			0.0011810988782328714,
			0.05665560211846452,
			0.158871443325106,
			0.04120530448078785,
			0.158887291017516,
			0.0014363781152583474,
			0.000867318820283452,
			0.09323650847295553,
			0.15870609094702895,
			0.0021519501539097627
		],
		[
			0.16268236445583614,
			0.16599562119676342,
			0.11864559212259407,
			0.11789211298578273,
			0.017723395818080762,
			0.011624975141727618,
			0.08850055116231746,
			0.005356532721667572,
			0.0038525719760112275,
			0.030117569759276496,
			0.0373192213223259,
			0.11246843534450948,
			0.10873061870961884,
			0.019090437283488304
		],
		[
			0.16730956833901903,
			0.1299184902611614,
			0.16715745594507608,
			0.0033167543989449117,
			0.050170868507254565,
			0.10886469217797357,
			0.04049481129076872,
			0.0008153320108743943,
			0.003910904950539798,
			0.1673462601436456,
			0.054962071274973844,
			0.0002897185725076013,
			0.001580850512521966,
			0.10386222161473865
		],
		[
			0.16953430437152262,
			0.021753691411415747,
			0.1757053991421818,
			0.0053439242960749474,
			0.02645988943895608,
			0.17719897897849807,
			0.09284829056620013,
			1.9932362258165095e-06,
			0.034560196853228115,
			0.17710372327324886,
			0.11704758685885336,
			0.0003027989787587723,
			0.0019586824963532387,
			0.00018054009848233319
		],
		[
			0.14356585683403603,
			0.15249451737801673,
			0.0956579150393759,
			0.16412888777925128,
			0.06353929698728641,
			0.027236773535893214,
			0.017364595383602684,
			0.0008721441231753682,
			0.005713613610768969,
			0.15970923565913536,
			0.05662990750586622,
			0.000560320753289944,
			0.0010174431620535481,
			0.11150949224824845
		],
		[
			0.09677352562204342,
			0.12198024494567486,
			0.08847634458866806,
			0.12277560458146568,
			0.08842601375258742,
			0.12274593540032656,
			0.011403429069548127,
			0.03757002582231062,
			0.0652312005035086,
			0.01937488445152412,
			0.03784465319601216,
			0.08333526115529095,
			0.10327451241572923,
			0.0007883644953103017
		],
		[
			0.13265421672549824,
			0.10075151398584624,
			0.14941501543932423,
			0.037649491299423216,
			2.433119569401203e-06,
			0.14940263948387522,
			0.148985215096238,
			1.4398493821472626e-07,
			0.10893277048279079,
			0.021829034603453833,
			5.4163046172300485e-11,
			5.090619371887091e-06,
			0.1494159161964186,
			0.0009565189090892006
		],
		[
			0.08926630833251281,
			0.19047111445254564,
			0.0015444934370347284,
			0.004507084446821827,
			0.00029327374233704295,
			0.10068793336187595,
			0.05096377410362056,
			0.003924886133167541,
			0.19036205551253832,
			0.0014862302922663165,
			1.766261729578322e-06,
			0.05529843476113454,
			0.190470679996491,
			0.12072196516592412
		],
		[
			0.0787595698513904,
			0.14128942043146045,
			0.14132231843956555,
			0.14143615938853318,
			0.014242082789579003,
			0.015337512924269658,
			0.1311994773282679,
			0.010116607527174281,
			0.10058619450160554,
			0.02317556430500618,
			0.03259180355015468,
			0.10874160972789004,
			0.04581679381505565,
			0.015384885420047494
		],
		[
			0.14978748693873878,
			0.07285053437519141,
			0.028471158808089394,
			0.0024479353178292903,
			0.00043222888895833505,
			0.15952451995897732,
			0.06386285799381854,
			0.061585218868469134,
			0.16872393683121062,
			0.006876469909904556,
			0.0004307154680569444,
			0.11431646822096209,
			0.16938517352156274,
			0.0013052948982308753
		],
		[
			0.04141863023613112,
			0.1366794018572792,
			0.1366617680991849,
			0.13642418826801989,
			0.08137603442063733,
			0.0809911072509326,
			0.005052767588178495,
			0.0006267246986477058,
			0.06826693424415202,
			0.1217768700606987,
			0.0969861518666424,
			0.01187793195662263,
			0.0016048202894966555,
			0.08025666916337641
		],
		[
			0.12689710742924842,
			0.12648051177140426,
			0.04927610864502251,
			0.12727768348279392,
			0.042005412878204015,
			0.12463968901158642,
			0.11341722066320856,
			0.0044162181179646,
			0.0080795566275946,
			0.12707333841663535,
			0.042957146768502374,
			0.0011030142240630184,
			0.0073600423560864206,
			0.09901694960768553
		],
		[
			0.1358992272599981,
			0.13842208934820427,
			0.13535767303995525,
			0.13862606165478517,
			7.94392871912893e-06,
			0.029937014415782573,
			0.08684870788465553,
			0.00011018791449257721,
			0.13367009590662357,
			0.04210779737926833,
			8.251801871900078e-05,
			0.10710416120346505,
			0.047673304030139294,
			0.00415321801519219
		],
		[
			0.13696620280019556,
			0.13623804741647502,
			0.13674995202970222,
			0.1368116601243728,
			0.05656847728768238,
			0.13553092457943058,
			0.0015701591709179172,
			0.009473743824256461,
			0.06207686211079661,
			0.114895825575361,
			0.06210036397465136,
			0.0013589294722029773,
			0.00019200705403118426,
			0.009466844579924
		],
		[
			0.13068204609272216,
			0.06558325229040687,
			0.06713162759785805,
			0.0015322927988927549,
			8.156012578940557e-05,
			0.13369902444939316,
			0.11932203471886409,
			0.0022880660305870187,
			0.13404321794082155,
			0.0003551738691837815,
			0.0015049066637171037,
			0.0757502986171452,
			0.1340051620544862,
			0.13402133675013264
		],
		[
			0.1308904316389538,
			0.1298444477076243,
			0.09755282224551345,
			0.13139867994548735,
			0.09090594586984786,
			0.0015667997010769907,
			0.12076486523381831,
			0.0005480442331895252,
			0.0024722665667389516,
			0.13124605066711573,
			0.07184563720116952,
			4.143792561412521e-05,
			0.000673429287909387,
			0.09024914177594086
		],
		[
			0.016980207319994774,
			0.14823991221250238,
			0.057381672097589785,
			0.14672932633519944,
			0.0438060047960009,
			0.14197978751651857,
			0.03653675921012319,
			0.10055235173143058,
			0.01076760059631586,
			0.14834988542509245,
			0.01383145335402013,
			0.0905350011527204,
			0.014416662030844206,
			0.0298933762216473
		],
		[
			0.11588238741580319,
			0.12847495591321384,
			0.12800220366394002,
			0.12773083580265313,
			0.05539722721633643,
			0.05479476847856229,
			0.053957726935384843,
			0.0010516295107636613,
			0.010837947812138971,
			0.1283316806113436,
			0.06235347543070825,
			0.031261849963182396,
			0.0015044241224973173,
			0.10041888712347222
		],
		[
			0.13338028028699822,
			0.13385544217799464,
			0.13385344497286342,
			0.133850978851465,
			0.09837977979451734,
			0.009971028124911576,
			0.09138324068234416,
			0.00020616394537867837,
			0.06639237998640547,
			0.10578943028746633,
			0.08975242893402012,
			2.29909834037087e-07,
			0.003141612634457616,
			4.355941134341164e-05
		]
	],
	"weights_mean": [
		0.10838862722069358,
		0.12054246877350412,
		0.1089995867707081,
		0.10540853402712677,
		0.05744610577271694,
		0.08898901162436486,
		0.09030053230284028,
		0.009208058811817514,
		0.05608140565722555,
		0.07704243655328791,
		0.03477812716349041,
		0.029831581712412115,
		0.05785712541089858,
		0.055126398198913185
	],
	"weights_std": [
		0.04296943993092868,
		0.04846505168089805,
		0.04798699101964769,
		0.05914520003583943,
		0.041834844884085426,
		0.057602393896456335,
		0.04862996808774879,
		0.020579513289445094,
		0.051140569383736484,
		0.06430705705149191,
		0.037746494871176636,
		0.043859345195657096,
		0.06344572383991275,
		0.05064525601010459
	]
}
