{
	"training_mean": 0.29013606801361896,
	"training_std": 0.05261770997810233,
	"training_se": 0.005261770997810233,
	"test_mean": 0.17309372445736082,
	"test_std": 0.11562408026533263,
	"test_se": 0.011562408026533263,
	"metric_names": [
		"width",
		"depth",
		"multi_qubit_gate_depth",
		"total_number_of_operations",
		"number_of_single_qubit_gates",
		"number_of_multi_qubit_gates",
		"number_of_measurement_operations",
		"single_qubit_gate_error",
		"multi_qubit_gate_error",
		"single_qubit_gate_time",
		"multi_qubit_gate_time",
		"readout_error",
		"t1",
		"t2"
	],
	"normalized_weights": [
		[
			0.08808565970413744,
			0.2049825282146411,
			0.05760368898640926,
			0.04559476290967268,
			0.016948965938185814,
			0.025078915095568047,
			0.025078915095568047,
			0.03866640879141377,
			0.016948965938185814,
			0.04559476290967268,
			0.03866640879141377,
			0.025078915095568047,
			0.18423509728637286,
			0.18743600524319062
		],
		[
			0.07876093076061813,
			0.023232650671419212,
			0.18055789266681654,
			0.14237036561432176,
			0.01995379955857282,
			0.02410737893738698,
			0.023232650671419212,
			0.01995379955857282,
			0.01995379955857282,
			0.01995379955857282,
			0.01995379955857282,
			0.023232650671419212,
			0.18161487171639026,
			0.22312161049734436
		],
		[
			0.1864123590887942,
			0.020978167120990005,
			0.15231631599674625,
			0.12259017800508383,
			0.04185647788690328,
			0.1864123590887942,
			0.020978167120990005,
			0.017285994659252287,
			0.017285994659252287,
			0.017285994659252287,
			0.017285994659252287,
			0.017285994659252287,
			0.017285994659252287,
			0.16474000773618422
		],
		[
			0.17399665289673538,
			0.09489472080141953,
			0.038376061371518444,
			0.17399665289673538,
			0.038376061371518444,
			0.09489472080141953,
			0.027331632518116784,
			0.020654101784074796,
			0.023404315410008477,
			0.15721805399480968,
			0.020654101784074796,
			0.020654101784074796,
			0.020654101784074796,
			0.09489472080141953
		],
		[
			0.07063338675133882,
			0.013504991367653976,
			0.1045896515563212,
			0.127390812037733,
			0.07063338675133882,
			0.1309666710405556,
			0.127390812037733,
			0.013504991367653976,
			0.03538349145960317,
			0.127390812037733,
			0.013504991367653976,
			0.05887592781109512,
			0.019724010828154552,
			0.08650606358543167
		],
		[
			0.1346108786570978,
			0.011722865842777295,
			0.13537329793116976,
			0.1346108786570978,
			0.029689179961667356,
			0.1346108786570978,
			0.12093808035124488,
			0.011722865842777295,
			0.011722865842777295,
			0.011722865842777295,
			0.011722865842777295,
			0.011722865842777295,
			0.10445631279679075,
			0.13537329793116976
		],
		[
			0.12751048207575683,
			0.07288216171566358,
			0.10623663153543977,
			0.10623663153543977,
			0.05918194587203929,
			0.12516056989265859,
			0.06370048967654636,
			0.019708491671636574,
			0.031464221363035345,
			0.12751048207575683,
			0.019708491671636574,
			0.048108747527090434,
			0.019708491671636574,
			0.07288216171566358
		],
		[
			0.13102941368217216,
			0.10621794589800018,
			0.06291108019289085,
			0.13102941368217216,
			0.0883156885100101,
			0.0883156885100101,
			0.06291108019289085,
			0.012120768827087946,
			0.04229134606909726,
			0.10621794589800018,
			0.015617576871411316,
			0.04538033582787585,
			0.03223243966532209,
			0.07540927617305904
		],
		[
			0.11488826567368114,
			0.12893078477664696,
			0.015681620804204842,
			0.14925658114953122,
			0.03324911736563569,
			0.13392534021320132,
			0.14377314217888443,
			0.013346100836377998,
			0.09867637798264316,
			0.013346100836377998,
			0.013346100836377998,
			0.013346100836377998,
			0.013346100836377998,
			0.11488826567368114
		],
		[
			0.1271146605446045,
			0.1271146605446045,
			0.13299123814202668,
			0.011334029438336776,
			0.01833465841543927,
			0.13299123814202668,
			0.13299123814202668,
			0.011334029438336776,
			0.1271146605446045,
			0.011334029438336776,
			0.011334029438336776,
			0.011334029438336776,
			0.13299123814202668,
			0.011686260190956792
		],
		[
			0.01972041475077886,
			0.0188226032360217,
			0.1626827752358798,
			0.18142400169113868,
			0.08318527471252118,
			0.19245523821026012,
			0.01972041475077886,
			0.0188226032360217,
			0.0188226032360217,
			0.0188226032360217,
			0.0188226032360217,
			0.0188226032360217,
			0.03542102302225219,
			0.19245523821026012
		],
		[
			0.1599029462832458,
			0.19187891673238802,
			0.02526627265613717,
			0.20671505708401228,
			0.04822764796778428,
			0.02526627265613717,
			0.02526627265613717,
			0.020149623224574757,
			0.09108388008467584,
			0.020149623224574757,
			0.020149623224574757,
			0.020149623224574757,
			0.1256446177566083,
			0.020149623224574757
		],
		[
			0.12911525692223844,
			0.13074877899745116,
			0.03349448133574238,
			0.13074877899745116,
			0.04945104667621236,
			0.13587226497620547,
			0.10013486546520521,
			0.011668931629154578,
			0.10134108948626996,
			0.011668931629154578,
			0.011668931629154578,
			0.011668931629154578,
			0.13074877899745116,
			0.011668931629154578
		],
		[
			0.12919186810307962,
			0.12558525306581042,
			0.011912967885915834,
			0.12919186810307962,
			0.06379626517575868,
			0.12919186810307962,
			0.06379626517575868,
			0.011912967885915834,
			0.020323609909559174,
			0.12558525306581042,
			0.011912967885915834,
			0.011912967885915834,
			0.06464139329849082,
			0.1010444844559096
		],
		[
			0.1552942102227713,
			0.02057692694114845,
			0.23462833697020397,
			0.020839023300884236,
			0.04837181763174213,
			0.02057692694114845,
			0.028577512668132084,
			0.02057692694114845,
			0.02057692694114845,
			0.23462833697020397,
			0.1058273829574294,
			0.02057692694114845,
			0.02057692694114845,
			0.04837181763174213
		],
		[
			0.1183035450838645,
			0.13649418668632593,
			0.13649418668632593,
			0.014705690540211215,
			0.05963632695851431,
			0.14924738064151716,
			0.14859546323973025,
			0.013682849327278339,
			0.031614786840792886,
			0.013682849327278339,
			0.013682849327278339,
			0.13649418668632593,
			0.013682849327278339,
			0.013682849327278339
		],
		[
			0.022119808485400284,
			0.08148715962749979,
			0.1281595151157341,
			0.1281595151157341,
			0.06288660479901054,
			0.14957800195175866,
			0.06288660479901054,
			0.01374592371844845,
			0.035854311782354376,
			0.14957800195175866,
			0.01374592371844845,
			0.023801032186303073,
			0.01786488191661327,
			0.11013271483192572
		],
		[
			0.16267219949236394,
			0.14019163542974408,
			0.015180068097109993,
			0.16107417118508446,
			0.02693417702984764,
			0.16267219949236394,
			0.026149889122568305,
			0.013955522231584484,
			0.013955522231584484,
			0.013955522231584484,
			0.013955522231584484,
			0.013955522231584484,
			0.07267584950063129,
			0.16267219949236394
		],
		[
			0.13452559636633513,
			0.11916148062501802,
			0.14001733647759668,
			0.012929545995098655,
			0.018155517233400684,
			0.13452559636633513,
			0.13452559636633513,
			0.012929545995098655,
			0.012929545995098655,
			0.012929545995098655,
			0.012929545995098655,
			0.012929545995098655,
			0.10698600422805205,
			0.13452559636633513
		],
		[
			0.14182696195895325,
			0.0555446443893897,
			0.14049562837929466,
			0.013878897224470412,
			0.0555446443893897,
			0.14049562837929466,
			0.14049562837929466,
			0.013878897224470412,
			0.013878897224470412,
			0.14182696195895325,
			0.10049651881860787,
			0.013878897224470412,
			0.013878897224470412,
			0.013878897224470412
		],
		[
			0.12149508711007687,
			0.1344843586594213,
			0.03173373809888133,
			0.12149508711007687,
			0.029831726321770693,
			0.12149508711007687,
			0.1344843586594213,
			0.015024453844622773,
			0.015128592354747731,
			0.015024453844622773,
			0.015024453844622773,
			0.015024453844622773,
			0.09526979053761483,
			0.1344843586594213
		],
		[
			0.13927388320530906,
			0.07589806504412742,
			0.07589806504412742,
			0.10380333654007845,
			0.020814143567372996,
			0.13927388320530906,
			0.10380333654007845,
			0.019079010572362477,
			0.019079010572362477,
			0.13856865961466694,
			0.019079010572362477,
			0.019079010572362477,
			0.05045251990535259,
			0.07589806504412742
		],
		[
			0.14164776961354336,
			0.023753136642164895,
			0.023753136642164895,
			0.19330239384297687,
			0.09586460208953679,
			0.14164776961354336,
			0.023753136642164895,
			0.023753136642164895,
			0.023753136642164895,
			0.14164776961354336,
			0.023753136642164895,
			0.023753136642164895,
			0.023753136642164895,
			0.09586460208953679
		],
		[
			0.13217978290870513,
			0.014398339464504027,
			0.13217978290870513,
			0.13217978290870513,
			0.023683784853660076,
			0.15287849287040117,
			0.16305499864914774,
			0.014398339464504027,
			0.014398339464504027,
			0.014398339464504027,
			0.014398339464504027,
			0.014398339464504027,
			0.16305499864914774,
			0.014398339464504027
		],
		[
			0.15742489803535728,
			0.01930927139073016,
			0.04309543296854374,
			0.15742489803535728,
			0.03943787390870258,
			0.22314796796553174,
			0.03943787390870258,
			0.01930927139073016,
			0.01930927139073016,
			0.01930927139073016,
			0.01930927139073016,
			0.01930927139073016,
			0.20486615544269376,
			0.01930927139073016
		],
		[
			0.13551402380988234,
			0.04186518126498721,
			0.20959457785538296,
			0.02035160929029935,
			0.029575625771969215,
			0.02035160929029935,
			0.029575625771969215,
			0.02035160929029935,
			0.02035160929029935,
			0.23472092637024203,
			0.11884795439824743,
			0.02035160929029935,
			0.02035160929029935,
			0.07819642901552351
		],
		[
			0.03276283726721268,
			0.02620101754843799,
			0.08193404256626467,
			0.23267926045280654,
			0.03355684407079612,
			0.11853340702279,
			0.11853340702279,
			0.02620101754843799,
			0.027193456163609006,
			0.11853340702279,
			0.02620101754843799,
			0.03355684407079612,
			0.03355684407079612,
			0.09055659762403462
		],
		[
			0.13866324852530346,
			0.14408936487175947,
			0.013415286522809615,
			0.13254187919080543,
			0.04127418925754806,
			0.13866324852530346,
			0.06273629648112782,
			0.013415286522809615,
			0.037677786458358425,
			0.14408936487175947,
			0.013415286522809615,
			0.01600827651092987,
			0.04127418925754806,
			0.06273629648112782
		],
		[
			0.17664192964873107,
			0.19280219555347197,
			0.08311126980097137,
			0.02612878536437375,
			0.017909691337635297,
			0.017909691337635297,
			0.02612878536437375,
			0.01828476104006336,
			0.017909691337635297,
			0.017909691337635297,
			0.017909691337635297,
			0.017909691337635297,
			0.17664192964873107,
			0.19280219555347197
		],
		[
			0.12729750177108778,
			0.013964058950524862,
			0.15458328958569928,
			0.12729750177108778,
			0.014580753425664509,
			0.12729750177108778,
			0.11254637695528771,
			0.013964058950524862,
			0.013964058950524862,
			0.013964058950524862,
			0.013964058950524862,
			0.013964058950524862,
			0.12531521924584846,
			0.12729750177108778
		],
		[
			0.04626145914748397,
			0.15660627695142978,
			0.033205546171732755,
			0.15660627695142978,
			0.052177384485748886,
			0.1620997138221106,
			0.052177384485748886,
			0.014876203741117573,
			0.014876203741117573,
			0.1620997138221106,
			0.014876203741117573,
			0.014876203741117573,
			0.052177384485748886,
			0.06708404471198565
		],
		[
			0.12167867831949607,
			0.12549806942797959,
			0.09923067682684295,
			0.12549806942797959,
			0.07612668608151887,
			0.10857240888405857,
			0.10197180495628486,
			0.011401862334330673,
			0.07584188552012738,
			0.011401862334330673,
			0.011401862334330673,
			0.011401862334330673,
			0.10857240888405857,
			0.011401862334330673
		],
		[
			0.15763553326032687,
			0.17789148703614854,
			0.023560078429254647,
			0.13302960994394192,
			0.017140677980935957,
			0.13302960994394192,
			0.03200880355064898,
			0.0156846366219415,
			0.0156846366219415,
			0.15763553326032687,
			0.0156846366219415,
			0.0156846366219415,
			0.048978989965675866,
			0.05635113014103246
		],
		[
			0.06834108829118868,
			0.06834108829118868,
			0.07016586938087768,
			0.136659014434063,
			0.06834108829118868,
			0.14205120142685343,
			0.15339580832566563,
			0.015295375804221302,
			0.021131048624046835,
			0.14205120142685343,
			0.015295375804221302,
			0.015295375804221302,
			0.015295375804221302,
			0.06834108829118868
		],
		[
			0.14975217316884093,
			0.01528418414229679,
			0.14111911164727692,
			0.12544733853196077,
			0.040730188286268676,
			0.14111911164727692,
			0.14975217316884093,
			0.014269242863219529,
			0.01528418414229679,
			0.014269242863219529,
			0.014269242863219529,
			0.014269242863219529,
			0.014682390643222297,
			0.14975217316884093
		],
		[
			0.1241841728038697,
			0.11896994173198279,
			0.05285848284580036,
			0.09281487727971537,
			0.09047764655847548,
			0.1241841728038697,
			0.09081193954674835,
			0.011134049432898809,
			0.05283457158097793,
			0.10740348664265721,
			0.05285848284580036,
			0.011134049432898809,
			0.011134049432898809,
			0.059200077061406245
		],
		[
			0.19771358488289908,
			0.19771358488289908,
			0.08847490104471578,
			0.021426346665118612,
			0.021426346665118612,
			0.021426346665118612,
			0.02223907132106101,
			0.021426346665118612,
			0.021426346665118612,
			0.021426346665118612,
			0.021426346665118612,
			0.021426346665118612,
			0.23397318350276033,
			0.08847490104471578
		],
		[
			0.19742086437505446,
			0.018862141021384626,
			0.2149286896337594,
			0.17656230607693807,
			0.026400181088026775,
			0.018862141021384626,
			0.018862141021384626,
			0.018862141021384626,
			0.018862141021384626,
			0.018862141021384626,
			0.018862141021384626,
			0.018862141021384626,
			0.2149286896337594,
			0.018862141021384626
		],
		[
			0.08503491582613827,
			0.024890626361375272,
			0.25116710432024664,
			0.024890626361375272,
			0.05822551310909745,
			0.024890626361375272,
			0.05822551310909745,
			0.024890626361375272,
			0.024890626361375272,
			0.2631870269182798,
			0.024890626361375272,
			0.024890626361375272,
			0.024890626361375272,
			0.08503491582613827
		],
		[
			0.20373822630524166,
			0.019223006997456406,
			0.020145383091407277,
			0.20373822630524166,
			0.09220673764465505,
			0.1123107279722821,
			0.024147010230430505,
			0.019223006997456406,
			0.020145383091407277,
			0.09220673764465505,
			0.020145383091407277,
			0.019223006997456406,
			0.06134042598624786,
			0.09220673764465505
		],
		[
			0.14885096685912563,
			0.014276912217781233,
			0.14885096685912563,
			0.14885096685912563,
			0.02405805312297159,
			0.14885096685912563,
			0.012668749175657681,
			0.012668749175657681,
			0.012668749175657681,
			0.012668749175657681,
			0.012668749175657681,
			0.012668749175657681,
			0.14238818906800985,
			0.14786048310078842
		],
		[
			0.15550782784639086,
			0.022243775651070965,
			0.08670625980148709,
			0.07467278175224344,
			0.07238052888207462,
			0.1666276076144002,
			0.08670625980148709,
			0.014270252037944707,
			0.022243775651070965,
			0.15550782784639086,
			0.014270252037944707,
			0.014270252037944707,
			0.027886339238062826,
			0.08670625980148709
		],
		[
			0.13441807732609878,
			0.016620827253522256,
			0.05340022806601286,
			0.13441807732609878,
			0.08065405063177843,
			0.16211451365888996,
			0.05340022806601286,
			0.016620827253522256,
			0.02297908196686275,
			0.15807815524636526,
			0.016620827253522256,
			0.05340022806601286,
			0.016620827253522256,
			0.08065405063177843
		],
		[
			0.05310890222714195,
			0.19973940774377225,
			0.03314437298987978,
			0.05310890222714195,
			0.023403618761285577,
			0.05310890222714195,
			0.023403618761285577,
			0.023403618761285577,
			0.04442019753889144,
			0.03709482074714101,
			0.023403618761285577,
			0.11823335169878708,
			0.26131776532781825,
			0.05310890222714195
		],
		[
			0.10628853553668222,
			0.126734573264336,
			0.01237278284414982,
			0.10628853553668222,
			0.050523665313407684,
			0.12074038461207609,
			0.12205438802313513,
			0.01237278284414982,
			0.01927377945188139,
			0.10343111205465653,
			0.01927377945188139,
			0.08484178616815521,
			0.01237278284414982,
			0.10343111205465653
		],
		[
			0.1455835322051537,
			0.13751060777095253,
			0.014783783271291632,
			0.1455835322051537,
			0.05435094663373305,
			0.09476053248272524,
			0.05435094663373305,
			0.014783783271291632,
			0.022102682095971275,
			0.13751060777095253,
			0.05435094663373305,
			0.014783783271291632,
			0.014783783271291632,
			0.09476053248272524
		],
		[
			0.04748508180960052,
			0.14106950883345626,
			0.017181640715545964,
			0.14106950883345626,
			0.04748508180960052,
			0.14804923032785236,
			0.017181640715545964,
			0.017181640715545964,
			0.017181640715545964,
			0.18319715344970142,
			0.04748508180960052,
			0.017181640715545964,
			0.017181640715545964,
			0.14106950883345626
		],
		[
			0.14985730541625952,
			0.0538682466443414,
			0.09121825863148558,
			0.13331057529281135,
			0.0538682466443414,
			0.14193734592815774,
			0.0661028732297131,
			0.013752316833028928,
			0.013752316833028928,
			0.14985730541625952,
			0.013752316833028928,
			0.013752316833028928,
			0.013752316833028928,
			0.09121825863148558
		],
		[
			0.1069404472184826,
			0.19522862682715966,
			0.07659186097193336,
			0.1069404472184826,
			0.023917044507733343,
			0.08173376197970088,
			0.023917044507733343,
			0.019491078726880336,
			0.03494596406215995,
			0.019491078726880336,
			0.019491078726880336,
			0.07659186097193336,
			0.19522862682715966,
			0.019491078726880336
		],
		[
			0.036935459085318645,
			0.2190502652707209,
			0.033216306689031555,
			0.033216306689031555,
			0.033216306689031555,
			0.033469641662368786,
			0.033216306689031555,
			0.033216306689031555,
			0.033216306689031555,
			0.033216306689031555,
			0.033216306689031555,
			0.0994700783695804,
			0.30840864301444026,
			0.036935459085318645
		],
		[
			0.24920425600341872,
			0.25855527695637653,
			0.06297308647497264,
			0.02467607363201209,
			0.02467607363201209,
			0.02467607363201209,
			0.02467607363201209,
			0.02467607363201209,
			0.02467607363201209,
			0.12870258140372715,
			0.02467607363201209,
			0.02467607363201209,
			0.04018312363043566,
			0.06297308647497264
		],
		[
			0.13180291120750048,
			0.16231822129743378,
			0.02719356907601988,
			0.13180291120750048,
			0.023951639501077916,
			0.13180291120750048,
			0.0723485020281484,
			0.013956538442093396,
			0.030910461097953788,
			0.030910461097953788,
			0.16140688226291774,
			0.013956538442093396,
			0.013956538442093396,
			0.05368191468971298
		],
		[
			0.1403965442518184,
			0.013946477461250734,
			0.1403965442518184,
			0.1403965442518184,
			0.03495542450614789,
			0.15453016457213237,
			0.05605881673708,
			0.013946477461250734,
			0.1091905524098619,
			0.013946477461250734,
			0.013946477461250734,
			0.013946477461250734,
			0.1403965442518184,
			0.013946477461250734
		],
		[
			0.11463453236914609,
			0.11463453236914609,
			0.0479235708446535,
			0.10326250515217994,
			0.06654780190076708,
			0.11463453236914609,
			0.11463453236914609,
			0.01273110864419201,
			0.02433180029294808,
			0.11587514830836158,
			0.01273110864419201,
			0.06654780190076708,
			0.01273110864419201,
			0.07877991619116242
		],
		[
			0.10636588956776764,
			0.024869820691988863,
			0.024869820691988863,
			0.2909043174423297,
			0.0408002755655426,
			0.024869820691988863,
			0.12691202172239546,
			0.024869820691988863,
			0.10636588956776764,
			0.024869820691988863,
			0.024869820691988863,
			0.027650839567879407,
			0.12691202172239546,
			0.024869820691988863
		],
		[
			0.026504759875692018,
			0.026504759875692018,
			0.0635604557993255,
			0.03473345735352373,
			0.026504759875692018,
			0.2030645748592163,
			0.031500607657871424,
			0.026504759875692018,
			0.026504759875692018,
			0.026504759875692018,
			0.026504759875692018,
			0.026504759875692018,
			0.2196103649711095,
			0.23549246035341745
		],
		[
			0.015309471906112784,
			0.1039724738620918,
			0.08248862863572926,
			0.14615051838186055,
			0.08003402411413164,
			0.14549885323485245,
			0.046279147790515965,
			0.015309471906112784,
			0.05310224372122711,
			0.14615051838186055,
			0.014804303802435836,
			0.015309471906112784,
			0.05310224372122711,
			0.08248862863572926
		],
		[
			0.1697396451630049,
			0.0407458728097233,
			0.1697396451630049,
			0.1314032889546919,
			0.05385993074716118,
			0.13219603328479454,
			0.01930611805648495,
			0.01453891625427039,
			0.017615763572868665,
			0.01453891625427039,
			0.01453891625427039,
			0.01453891625427039,
			0.07504200394638945,
			0.13219603328479454
		],
		[
			0.1550890546240722,
			0.022194158377109096,
			0.15161767007659788,
			0.15161767007659788,
			0.03697794367088933,
			0.15161767007659788,
			0.027724861612078867,
			0.01675328444338201,
			0.022194158377109096,
			0.01675328444338201,
			0.01675328444338201,
			0.01675328444338201,
			0.1550890546240722,
			0.05886462071134764
		],
		[
			0.08049502081205281,
			0.177041613132342,
			0.08049502081205281,
			0.18077298284365775,
			0.10258279420127919,
			0.019173288728871765,
			0.08049502081205281,
			0.019173288728871765,
			0.019173288728871765,
			0.019173288728871765,
			0.019173288728871765,
			0.019173288728871765,
			0.08049502081205281,
			0.10258279420127919
		],
		[
			0.12207803047555875,
			0.014754186342743256,
			0.09863728364630663,
			0.1291570513408061,
			0.03928355724981373,
			0.12207803047555875,
			0.12795810943706246,
			0.013044947948849975,
			0.03928355724981373,
			0.12207803047555875,
			0.013044947948849975,
			0.03928355724981373,
			0.03928355724981373,
			0.0800351529094504
		],
		[
			0.15278038929245064,
			0.015926090877029307,
			0.15278038929245064,
			0.1440656435143387,
			0.019812279619501442,
			0.15278038929245064,
			0.015926090877029307,
			0.015926090877029307,
			0.11351788355715252,
			0.015926090877029307,
			0.015926090877029307,
			0.015926090877029307,
			0.15278038929245064,
			0.015926090877029307
		],
		[
			0.07792908530676024,
			0.01727000296503156,
			0.17258717242683638,
			0.17258717242683638,
			0.07792908530676024,
			0.17258717242683638,
			0.01727000296503156,
			0.01727000296503156,
			0.01727000296503156,
			0.01727000296503156,
			0.01727000296503156,
			0.01727000296503156,
			0.031257548001408404,
			0.1742327433493414
		],
		[
			0.13420587929588373,
			0.07904116543892935,
			0.07904116543892935,
			0.07818993855801432,
			0.07818993855801432,
			0.13420587929588373,
			0.11553761168193218,
			0.012433919095269915,
			0.014614928967366641,
			0.12495118309191242,
			0.014614928967366641,
			0.04269422720624029,
			0.03272214383325669,
			0.05955709057100028
		],
		[
			0.20287840664772652,
			0.2120315447850941,
			0.049763899379740226,
			0.049763899379740226,
			0.027128938545393635,
			0.11754893045611377,
			0.019195988449980075,
			0.019195988449980075,
			0.022830043458584484,
			0.019195988449980075,
			0.019195988449980075,
			0.019195988449980075,
			0.20287840664772652,
			0.019195988449980075
		],
		[
			0.1423739279082446,
			0.11260907218176074,
			0.027167018006830284,
			0.11566314880089297,
			0.02433752595029675,
			0.11544093073928342,
			0.1205962400656686,
			0.014546267394403446,
			0.01895120467895564,
			0.1423739279082446,
			0.06215274476783247,
			0.013916951649386831,
			0.013916951649386831,
			0.07595408829881285
		],
		[
			0.12788581239100943,
			0.12788581239100943,
			0.10788704235812037,
			0.10788704235812037,
			0.09847323151463036,
			0.09901411924811114,
			0.020018283838407935,
			0.01155647621090257,
			0.021134390620383362,
			0.10945021521601736,
			0.01155647621090257,
			0.021134390620383362,
			0.024316277564253766,
			0.1118004294577479
		],
		[
			0.18360573715482267,
			0.01696314879993856,
			0.171545836649658,
			0.1398523382496014,
			0.07947518298701947,
			0.020526731556623854,
			0.020526731556623854,
			0.01696314879993856,
			0.020526731556623854,
			0.171545836649658,
			0.01696314879993856,
			0.03271492116651162,
			0.029315323086022117,
			0.07947518298701947
		],
		[
			0.13080490686006715,
			0.021986568281732004,
			0.11238242455832585,
			0.11238242455832585,
			0.044332689535208386,
			0.13080490686006715,
			0.021986568281732004,
			0.021986568281732004,
			0.021986568281732004,
			0.20300424509755566,
			0.021986568281732004,
			0.021986568281732004,
			0.021986568281732004,
			0.11238242455832585
		],
		[
			0.053589293461616214,
			0.030638283494287818,
			0.187123671711663,
			0.053589293461616214,
			0.023091346713883323,
			0.023091346713883323,
			0.023607014346884676,
			0.023091346713883323,
			0.023091346713883323,
			0.10133168231827812,
			0.023091346713883323,
			0.030638283494287818,
			0.19830849980015933,
			0.2057172443417902
		],
		[
			0.1451133301097723,
			0.0160594693801437,
			0.1710250606194954,
			0.08760662406303613,
			0.045526157215406565,
			0.1710250606194954,
			0.02049034080189575,
			0.014844403115525694,
			0.014844403115525694,
			0.014334337578695703,
			0.014334337578695703,
			0.014844403115525694,
			0.12483874257701388,
			0.1451133301097723
		],
		[
			0.2083900802809941,
			0.2083900802809941,
			0.09789756438676793,
			0.018982889874899753,
			0.024947980634991568,
			0.019744494820386153,
			0.133315093289679,
			0.018982889874899753,
			0.018982889874899753,
			0.019744494820386153,
			0.018982889874899753,
			0.018982889874899753,
			0.1736728722364024,
			0.018982889874899753
		],
		[
			0.11989682191548535,
			0.015063068587617188,
			0.1075343029161999,
			0.12134014727638102,
			0.054467147248885676,
			0.12134014727638102,
			0.12134014727638102,
			0.015063068587617188,
			0.03644449131136484,
			0.11989682191548535,
			0.08302055126408142,
			0.015063068587617188,
			0.015063068587617188,
			0.054467147248885676
		],
		[
			0.12003080110493564,
			0.10519069808873235,
			0.11839045065811458,
			0.10519069808873235,
			0.053180716195666444,
			0.11839045065811458,
			0.11839045065811458,
			0.012330434357722353,
			0.012330434357722353,
			0.12003080110493564,
			0.012330434357722353,
			0.02551645708691022,
			0.02551645708691022,
			0.053180716195666444
		],
		[
			0.14950835916519514,
			0.019375512410442126,
			0.05150198193849061,
			0.14950835916519514,
			0.019375512410442126,
			0.05150198193849061,
			0.1316690035382377,
			0.019375512410442126,
			0.020222726522079945,
			0.019375512410442126,
			0.020222726522079945,
			0.08750016882867602,
			0.22249457429828864,
			0.038368068441497795
		],
		[
			0.18017423075832886,
			0.07135156498618125,
			0.18017423075832886,
			0.18017423075832886,
			0.01573628152005532,
			0.017278769675549654,
			0.01573628152005532,
			0.024903488198440352,
			0.01573628152005532,
			0.18017423075832886,
			0.01573628152005532,
			0.01573628152005532,
			0.01573628152005532,
			0.07135156498618125
		],
		[
			0.18147224324165476,
			0.025389360067000558,
			0.18147224324165476,
			0.015909853167926678,
			0.015909853167926678,
			0.18147224324165476,
			0.12138968934434737,
			0.015909853167926678,
			0.015909853167926678,
			0.10069749343165425,
			0.09673775525654676,
			0.015909853167926678,
			0.015909853167926678,
			0.015909853167926678
		],
		[
			0.1448482549539364,
			0.015319887555773879,
			0.13341233134619207,
			0.1448482549539364,
			0.06509177450113975,
			0.1448482549539364,
			0.06509177450113975,
			0.015319887555773879,
			0.06509177450113975,
			0.015319887555773879,
			0.015319887555773879,
			0.015319887555773879,
			0.1448482549539364,
			0.015319887555773879
		],
		[
			0.14930634827150605,
			0.03455915508472612,
			0.14652713228744907,
			0.12963958439010198,
			0.03455915508472612,
			0.14930634827150605,
			0.012859390658062752,
			0.012859390658062752,
			0.12963958439010198,
			0.012859390658062752,
			0.012859390658062752,
			0.012859390658062752,
			0.14930634827150605,
			0.012859390658062752
		],
		[
			0.12193405015975059,
			0.03184448724970805,
			0.02342639051208481,
			0.2264348449119127,
			0.07132036890741199,
			0.0927194364717948,
			0.12193405015975059,
			0.02342639051208481,
			0.02342639051208481,
			0.02342639051208481,
			0.02342639051208481,
			0.02342639051208481,
			0.07132036890741199,
			0.12193405015975059
		],
		[
			0.15862168978088528,
			0.08545080248615544,
			0.08512567369506994,
			0.08512567369506994,
			0.08512567369506994,
			0.1434483053707717,
			0.024813534903588556,
			0.024813534903588556,
			0.024813534903588556,
			0.1434483053707717,
			0.024813534903588556,
			0.02681023367972163,
			0.033495604073415765,
			0.05409389853871433
		],
		[
			0.17560023449531878,
			0.17560023449531878,
			0.10431230910905902,
			0.1869242755710608,
			0.0581340890716994,
			0.016290869474573706,
			0.016290869474573706,
			0.016290869474573706,
			0.0581340890716994,
			0.016290869474573706,
			0.016290869474573706,
			0.016290869474573706,
			0.020740158483599544,
			0.12280939285480197
		],
		[
			0.12597704657572953,
			0.12597704657572953,
			0.016574956661497005,
			0.11390871123315886,
			0.04934997669960638,
			0.12597704657572953,
			0.11390871123315886,
			0.016574956661497005,
			0.016574956661497005,
			0.11218447883229231,
			0.016574956661497005,
			0.016574956661497005,
			0.05379761957885748,
			0.09604457938825252
		],
		[
			0.14188190372176715,
			0.015573322609650364,
			0.14188190372176715,
			0.11452103113907199,
			0.02487254858313822,
			0.14188190372176715,
			0.11756818110772266,
			0.013188523910376983,
			0.11452103113907199,
			0.013188523910376983,
			0.013188523910376983,
			0.013188523910376983,
			0.12135555470415813,
			0.013188523910376983
		],
		[
			0.17702156940240368,
			0.13945028685274058,
			0.05312099906908605,
			0.13945028685274058,
			0.05312099906908605,
			0.04995711511862413,
			0.07684107438043204,
			0.01809246876877094,
			0.04995711511862413,
			0.07684107438043204,
			0.01809246876877094,
			0.01809246876877094,
			0.05312099906908605,
			0.07684107438043204
		],
		[
			0.1194979834306623,
			0.02733666762959734,
			0.16923710570907796,
			0.1194979834306623,
			0.07246827554799695,
			0.16438538433828265,
			0.05550085168711819,
			0.016745264971810066,
			0.016745264971810066,
			0.016745264971810066,
			0.016745264971810066,
			0.01911231765847424,
			0.016745264971810066,
			0.16923710570907796
		],
		[
			0.11472699014170358,
			0.02027375262720109,
			0.02027375262720109,
			0.22004869055401938,
			0.0730191452817245,
			0.09231687892632423,
			0.08814783494673135,
			0.02027375262720109,
			0.029688582577554495,
			0.08814783494673135,
			0.020277135017665298,
			0.02027375262720109,
			0.09231687892632423,
			0.10021501817241728
		],
		[
			0.1529361365297905,
			0.15742064575723,
			0.09130863933675737,
			0.19796377932270995,
			0.044244717024408506,
			0.044244717024408506,
			0.02422469420426066,
			0.01846551833982521,
			0.044244717024408506,
			0.01846551833982521,
			0.01846551833982521,
			0.01846551833982521,
			0.044244717024408506,
			0.12530516339231654
		],
		[
			0.14439532311371253,
			0.14439532311371253,
			0.15333779076013818,
			0.15333779076013818,
			0.024348388239567417,
			0.027112387023283925,
			0.027112387023283925,
			0.022461741833320576,
			0.06925657768584786,
			0.022461741833320576,
			0.022461741833320576,
			0.022461741833320576,
			0.022461741833320576,
			0.14439532311371253
		],
		[
			0.05511715983544486,
			0.21889374271672934,
			0.029397134025911677,
			0.030667225109974734,
			0.02760993767319657,
			0.029397134025911677,
			0.030667225109974734,
			0.02760993767319657,
			0.14711974874894337,
			0.036697778193529915,
			0.02760993767319657,
			0.05511715983544486,
			0.25648594170534844,
			0.02760993767319657
		],
		[
			0.02568669940954148,
			0.2507371563668744,
			0.02156115146802738,
			0.02156115146802738,
			0.02568669940954148,
			0.07305692358576463,
			0.2507371563668744,
			0.02156115146802738,
			0.02156115146802738,
			0.14598483305793342,
			0.02156115146802738,
			0.02156115146802738,
			0.02568669940954148,
			0.07305692358576463
		],
		[
			0.15054439011950202,
			0.13888572751725536,
			0.15054439011950202,
			0.017132548679455364,
			0.04884887746180041,
			0.15054439011950202,
			0.02348279254043712,
			0.014684891054002619,
			0.017597783557771703,
			0.017597783557771703,
			0.014684891054002619,
			0.014684891054002619,
			0.10188091564773888,
			0.13888572751725536
		],
		[
			0.13732413874605504,
			0.11505517345738796,
			0.14171394782257193,
			0.013981948669791806,
			0.027731351773798537,
			0.14171394782257193,
			0.13732413874605504,
			0.013956378950609959,
			0.013956378950609959,
			0.013956378950609959,
			0.013956378950609959,
			0.013956378950609959,
			0.07804931946266297,
			0.13732413874605504
		],
		[
			0.2200259292109441,
			0.2334206889422091,
			0.04583738386625836,
			0.043111895417668855,
			0.043111895417668855,
			0.04583738386625836,
			0.04583738386625836,
			0.022082459365089117,
			0.04583738386625836,
			0.022082459365089117,
			0.022082459365089117,
			0.022082459365089117,
			0.16656775872103016,
			0.022082459365089117
		],
		[
			0.04230152553787253,
			0.12531450891760584,
			0.04230152553787253,
			0.14026035996422112,
			0.08564656068820739,
			0.08564656068820739,
			0.14026035996422112,
			0.012636229463285634,
			0.04230152553787253,
			0.13011029854798287,
			0.012636229463285634,
			0.012636229463285634,
			0.04230152553787253,
			0.08564656068820739
		],
		[
			0.1792230271923491,
			0.019728356074522956,
			0.019728356074522956,
			0.1792230271923491,
			0.11226067187247184,
			0.1698092365817502,
			0.019728356074522956,
			0.019728356074522956,
			0.019728356074522956,
			0.13271082386843794,
			0.019728356074522956,
			0.022043548360891077,
			0.022043548360891077,
			0.06431598012372157
		],
		[
			0.16702095070715825,
			0.16702095070715825,
			0.0863206340129016,
			0.042941518532057056,
			0.017978338168402695,
			0.017978338168402695,
			0.028300281847326504,
			0.017978338168402695,
			0.028300281847326504,
			0.028383526490688704,
			0.017978338168402695,
			0.02593805140355405,
			0.214601229178165,
			0.13925922260005333
		],
		[
			0.017265543123372955,
			0.018203618327175763,
			0.18542300677472304,
			0.18542300677472304,
			0.06593757720086975,
			0.19245615698542043,
			0.017265543123372955,
			0.017265543123372955,
			0.03714161668589726,
			0.017265543123372955,
			0.017265543123372955,
			0.017265543123372955,
			0.019365601525532464,
			0.19245615698542043
		],
		[
			0.16362136484896045,
			0.16362136484896045,
			0.10326433391414223,
			0.16362136484896045,
			0.10326433391414223,
			0.016374071664858686,
			0.023606384295249586,
			0.016374071664858686,
			0.016374071664858686,
			0.016374071664858686,
			0.016374071664858686,
			0.016374071664858686,
			0.07749208942629007,
			0.10326433391414223
		],
		[
			0.15728680900280087,
			0.15728680900280087,
			0.057684353348639694,
			0.1658915773767647,
			0.017856013753698552,
			0.15728680900280087,
			0.013839728462314434,
			0.013839728462314434,
			0.03308456887241469,
			0.014516554660358939,
			0.013839728462314434,
			0.013839728462314434,
			0.017856013753698552,
			0.1658915773767647
		]
	],
	"weights_mean": [
		0.1280977778077223,
		0.09197419755504045,
		0.09367074925863422,
		0.11618501270775389,
		0.04750043293125111,
		0.1080096785244396,
		0.06749354676945964,
		0.017443406698228317,
		0.034639929017619336,
		0.07493030313027967,
		0.02473936613468818,
		0.025705689591455107,
		0.08162420406555405,
		0.08798570580787421
	],
	"weights_std": [
		0.04864320607038439,
		0.07090018694683767,
		0.059529855587211876,
		0.059794951177988574,
		0.024699413294183677,
		0.05509103315154023,
		0.05003054165131449,
		0.004854070455801485,
		0.029659710777635375,
		0.06601750389825475,
		0.024216950577568463,
		0.02213815001411214,
		0.07375922333214617,
		0.054488193449129106
	]
}
